0.000000, 0.195312
0.005000, 0.249023
0.010000, 0.292969
0.015000, 0.322266
0.020000, 0.375977
0.025000, 0.410156
0.030000, 0.444336
0.035000, 0.473633
0.040000, 0.498047
0.045000, 0.522461
0.050000, 0.546875
0.055000, 0.556641
0.060000, 0.561523
0.065000, 0.576172
0.070000, 0.576172
0.075000, 0.576172
0.080000, 0.576172
0.085000, 0.561523
0.090000, 0.546875
0.095000, 0.512695
0.100000, 0.468750
0.105000, 0.400391
0.110000, 0.327148
0.115000, 0.229492
0.120000, 0.112305
0.125000, -0.019531
0.130000, -0.166016
0.135000, -0.327148
0.140000, -0.498047
0.145000, -0.664062
0.150000, -0.830078
0.155000, -0.991211
0.160000, -1.137695
0.165000, -1.264648
0.170000, -1.372070
0.175000, -1.469727
0.180000, -1.542969
0.185000, -1.601562
0.190000, -1.645508
0.195000, -1.665039
0.200000, -1.665039
0.205000, -1.650391
0.210000, -1.621094
0.215000, -1.577148
0.220000, -1.518555
0.225000, -1.440430
0.230000, -1.352539
0.235000, -1.245117
0.240000, -1.147461
0.245000, -1.030273
0.250000, -0.898438
0.255000, -0.776367
0.260000, -0.639648
0.265000, -0.507812
0.270000, -0.361328
0.275000, -0.224609
0.280000, -0.083008
0.285000, 0.048828
0.290000, 0.180664
0.295000, 0.307617
0.300000, 0.444336
0.305000, 0.566406
0.310000, 0.673828
0.315000, 0.781250
0.320000, 0.864258
0.325000, 0.957031
0.330000, 1.030273
0.335000, 1.093750
0.340000, 1.157227
0.345000, 1.196289
0.350000, 1.230469
0.355000, 1.245117
0.360000, 1.259766
0.365000, 1.259766
0.370000, 1.254883
0.375000, 1.245117
0.380000, 1.225586
0.385000, 1.186523
0.390000, 1.147461
0.395000, 1.098633
0.400000, 1.040039
0.405000, 0.981445
0.410000, 0.913086
0.415000, 0.839844
0.420000, 0.766602
0.425000, 0.678711
0.430000, 0.610352
0.435000, 0.527344
0.440000, 0.449219
0.445000, 0.366211
0.450000, 0.288086
0.455000, 0.209961
0.460000, 0.131836
0.465000, 0.058594
0.470000, -0.014648
0.475000, -0.087891
0.480000, -0.151367
0.485000, -0.219727
0.490000, -0.273438
0.495000, -0.327148
0.500000, -0.366211
0.505000, -0.410156
0.510000, -0.439453
0.515000, -0.463867
0.520000, -0.478516
0.525000, -0.488281
0.530000, -0.493164
0.535000, -0.488281
0.540000, -0.478516
0.545000, -0.458984
0.550000, -0.439453
0.555000, -0.415039
0.560000, -0.375977
0.565000, -0.341797
0.570000, -0.297852
0.575000, -0.253906
0.580000, -0.200195
0.585000, -0.156250
0.590000, -0.097656
0.595000, -0.043945
0.600000, 0.004883
0.605000, 0.058594
0.610000, 0.117188
0.615000, 0.166016
0.620000, 0.219727
0.625000, 0.268555
0.630000, 0.312500
0.635000, 0.356445
0.640000, 0.400391
0.645000, 0.439453
0.650000, 0.473633
0.655000, 0.507812
0.660000, 0.532227
0.665000, 0.556641
0.670000, 0.576172
0.675000, 0.585938
0.680000, 0.600586
0.685000, 0.605469
0.690000, 0.610352
0.695000, 0.610352
0.700000, 0.600586
0.705000, 0.585938
0.710000, 0.561523
0.715000, 0.522461
0.720000, 0.468750
0.725000, 0.395508
0.730000, 0.297852
0.735000, 0.185547
0.740000, 0.048828
0.745000, -0.092773
0.750000, -0.253906
0.755000, -0.429688
0.760000, -0.610352
0.765000, -0.786133
0.770000, -0.966797
0.775000, -1.132812
0.780000, -1.274414
0.785000, -1.401367
0.790000, -1.513672
0.795000, -1.601562
0.800000, -1.674805
0.805000, -1.728516
0.810000, -1.762695
0.815000, -1.782227
0.820000, -1.772461
0.825000, -1.757812
0.830000, -1.718750
0.835000, -1.660156
0.840000, -1.591797
0.845000, -1.499023
0.850000, -1.406250
0.855000, -1.298828
0.860000, -1.181641
0.865000, -1.054688
0.870000, -0.917969
0.875000, -0.781250
0.880000, -0.634766
0.885000, -0.493164
0.890000, -0.346680
0.895000, -0.200195
0.900000, -0.048828
0.905000, 0.087891
0.910000, 0.234375
0.915000, 0.371094
0.920000, 0.498047
0.925000, 0.625000
0.930000, 0.732422
0.935000, 0.839844
0.940000, 0.937500
0.945000, 1.020508
0.950000, 1.103516
0.955000, 1.171875
0.960000, 1.220703
0.965000, 1.259766
0.970000, 1.293945
0.975000, 1.313477
0.980000, 1.323242
0.985000, 1.328125
0.990000, 1.318359
0.995000, 1.298828
1.000000, 1.264648
1.005000, 1.235352
1.010000, 1.191406
1.015000, 1.132812
1.020000, 1.074219
1.025000, 1.000977
1.030000, 0.937500
1.035000, 0.859375
1.040000, 0.776367
1.045000, 0.688477
1.050000, 0.615234
1.055000, 0.522461
1.060000, 0.434570
1.065000, 0.351562
1.070000, 0.273438
1.075000, 0.185547
1.080000, 0.107422
1.085000, 0.034180
1.090000, -0.039062
1.095000, -0.097656
1.100000, -0.156250
1.105000, -0.219727
1.110000, -0.263672
1.115000, -0.312500
1.120000, -0.346680
1.125000, -0.380859
1.130000, -0.405273
1.135000, -0.419922
1.140000, -0.429688
1.145000, -0.439453
1.150000, -0.429688
1.155000, -0.429688
1.160000, -0.415039
1.165000, -0.395508
1.170000, -0.371094
1.175000, -0.341797
1.180000, -0.307617
1.185000, -0.273438
1.190000, -0.234375
1.195000, -0.185547
1.200000, -0.141602
1.205000, -0.097656
1.210000, -0.043945
1.215000, 0.004883
1.220000, 0.053711
1.225000, 0.102539
1.230000, 0.156250
1.235000, 0.200195
1.240000, 0.239258
1.245000, 0.292969
1.250000, 0.332031
1.255000, 0.371094
1.260000, 0.405273
1.265000, 0.439453
1.270000, 0.468750
1.275000, 0.498047
1.280000, 0.522461
1.285000, 0.537109
1.290000, 0.561523
1.295000, 0.566406
1.300000, 0.576172
1.305000, 0.576172
1.310000, 0.576172
1.315000, 0.576172
1.320000, 0.566406
1.325000, 0.546875
1.330000, 0.512695
1.335000, 0.468750
1.340000, 0.400391
1.345000, 0.327148
1.350000, 0.229492
1.355000, 0.112305
1.360000, -0.019531
1.365000, -0.166016
1.370000, -0.327148
1.375000, -0.498047
1.380000, -0.659180
1.385000, -0.830078
1.390000, -0.981445
1.395000, -1.137695
1.400000, -1.259766
1.405000, -1.376953
1.410000, -1.469727
1.415000, -1.547852
1.420000, -1.601562
1.425000, -1.640625
1.430000, -1.660156
1.435000, -1.665039
1.440000, -1.655273
1.445000, -1.625977
1.450000, -1.577148
1.455000, -1.518555
1.460000, -1.445312
1.465000, -1.352539
1.470000, -1.250000
1.475000, -1.147461
1.480000, -1.030273
1.485000, -0.903320
1.490000, -0.776367
1.495000, -0.639648
1.500000, -0.507812
1.505000, -0.371094
1.510000, -0.229492
1.515000, -0.083008
1.520000, 0.048828
1.525000, 0.185547
1.530000, 0.317383
1.535000, 0.444336
1.540000, 0.561523
1.545000, 0.668945
1.550000, 0.776367
1.555000, 0.869141
1.560000, 0.952148
1.565000, 1.030273
1.570000, 1.093750
1.575000, 1.152344
1.580000, 1.196289
1.585000, 1.230469
1.590000, 1.245117
1.595000, 1.254883
1.600000, 1.269531
1.605000, 1.259766
1.610000, 1.245117
1.615000, 1.230469
1.620000, 1.191406
1.625000, 1.152344
1.630000, 1.093750
1.635000, 1.049805
1.640000, 0.981445
1.645000, 0.913086
1.650000, 0.844727
1.655000, 0.771484
1.660000, 0.693359
1.665000, 0.615234
1.670000, 0.532227
1.675000, 0.449219
1.680000, 0.371094
1.685000, 0.288086
1.690000, 0.209961
1.695000, 0.136719
1.700000, 0.058594
1.705000, -0.009766
1.710000, -0.078125
1.715000, -0.156250
1.720000, -0.214844
1.725000, -0.268555
1.730000, -0.322266
1.735000, -0.366211
1.740000, -0.405273
1.745000, -0.434570
1.750000, -0.458984
1.755000, -0.478516
1.760000, -0.488281
1.765000, -0.488281
1.770000, -0.483398
1.775000, -0.473633
1.780000, -0.458984
1.785000, -0.439453
1.790000, -0.410156
1.795000, -0.371094
1.800000, -0.336914
1.805000, -0.292969
1.810000, -0.253906
1.815000, -0.200195
1.820000, -0.156250
1.825000, -0.102539
1.830000, -0.048828
1.835000, 0.004883
1.840000, 0.058594
1.845000, 0.117188
1.850000, 0.161133
1.855000, 0.214844
1.860000, 0.268555
1.865000, 0.312500
1.870000, 0.356445
1.875000, 0.400391
1.880000, 0.444336
1.885000, 0.468750
1.890000, 0.498047
1.895000, 0.532227
1.900000, 0.556641
1.905000, 0.571289
1.910000, 0.585938
1.915000, 0.600586
1.920000, 0.605469
1.925000, 0.605469
1.930000, 0.605469
1.935000, 0.600586
1.940000, 0.585938
1.945000, 0.556641
1.950000, 0.522461
1.955000, 0.468750
1.960000, 0.385742
1.965000, 0.292969
1.970000, 0.185547
1.975000, 0.048828
1.980000, -0.097656
1.985000, -0.258789
1.990000, -0.434570
1.995000, -0.620117
2.000000, -0.791016
2.005000, -0.966797
2.010000, -1.127930
2.015000, -1.274414
2.020000, -1.396484
2.025000, -1.518555
2.030000, -1.596680
2.035000, -1.674805
2.040000, -1.728516
2.045000, -1.762695
2.050000, -1.777344
2.055000, -1.772461
2.060000, -1.752930
2.065000, -1.713867
2.070000, -1.660156
2.075000, -1.582031
2.080000, -1.499023
2.085000, -1.401367
2.090000, -1.289062
2.095000, -1.176758
2.100000, -1.049805
2.105000, -0.913086
2.110000, -0.771484
2.115000, -0.625000
2.120000, -0.488281
2.125000, -0.336914
2.130000, -0.195312
2.135000, -0.043945
2.140000, 0.097656
2.145000, 0.239258
2.150000, 0.371094
2.155000, 0.502930
2.160000, 0.620117
2.165000, 0.737305
2.170000, 0.844727
2.175000, 0.942383
2.180000, 1.025391
2.185000, 1.108398
2.190000, 1.171875
2.195000, 1.225586
2.200000, 1.259766
2.205000, 1.293945
2.210000, 1.313477
2.215000, 1.323242
2.220000, 1.323242
2.225000, 1.313477
2.230000, 1.293945
2.235000, 1.264648
2.240000, 1.235352
2.245000, 1.186523
2.250000, 1.132812
2.255000, 1.069336
2.260000, 1.000977
2.265000, 0.932617
2.270000, 0.859375
2.275000, 0.766602
2.280000, 0.688477
2.285000, 0.610352
2.290000, 0.522461
2.295000, 0.429688
2.300000, 0.351562
2.305000, 0.263672
2.310000, 0.185547
2.315000, 0.107422
2.320000, 0.029297
2.325000, -0.039062
2.330000, -0.102539
2.335000, -0.161133
2.340000, -0.214844
2.345000, -0.263672
2.350000, -0.312500
2.355000, -0.346680
2.360000, -0.380859
2.365000, -0.400391
2.370000, -0.419922
2.375000, -0.429688
2.380000, -0.429688
2.385000, -0.434570
2.390000, -0.424805
2.395000, -0.405273
2.400000, -0.390625
2.405000, -0.366211
2.410000, -0.332031
2.415000, -0.307617
2.420000, -0.268555
2.425000, -0.229492
2.430000, -0.185547
2.435000, -0.136719
2.440000, -0.087891
2.445000, -0.039062
2.450000, 0.000000
2.455000, 0.053711
2.460000, 0.107422
2.465000, 0.156250
2.470000, 0.200195
2.475000, 0.244141
2.480000, 0.288086
2.485000, 0.332031
2.490000, 0.366211
2.495000, 0.405273
2.500000, 0.439453
2.505000, 0.468750
2.510000, 0.498047
2.515000, 0.522461
2.520000, 0.537109
2.525000, 0.551758
2.530000, 0.566406
2.535000, 0.571289
2.540000, 0.576172
2.545000, 0.576172
2.550000, 0.571289
2.555000, 0.561523
2.560000, 0.537109
2.565000, 0.507812
2.570000, 0.468750
2.575000, 0.395508
2.580000, 0.312500
2.585000, 0.219727
2.590000, 0.097656
2.595000, -0.034180
2.600000, -0.180664
2.605000, -0.351562
2.610000, -0.512695
2.615000, -0.678711
2.620000, -0.849609
2.625000, -1.005859
2.630000, -1.152344
2.635000, -1.279297
2.640000, -1.381836
2.645000, -1.479492
2.650000, -1.557617
2.655000, -1.606445
2.660000, -1.645508
2.665000, -1.669922
2.670000, -1.669922
2.675000, -1.655273
2.680000, -1.625977
2.685000, -1.572266
2.690000, -1.513672
2.695000, -1.435547
2.700000, -1.347656
2.705000, -1.245117
2.710000, -1.137695
2.715000, -1.020508
2.720000, -0.893555
2.725000, -0.761719
2.730000, -0.629883
2.735000, -0.493164
2.740000, -0.356445
2.745000, -0.219727
2.750000, -0.073242
2.755000, 0.063477
2.760000, 0.200195
2.765000, 0.327148
2.770000, 0.454102
2.775000, 0.576172
2.780000, 0.683594
2.785000, 0.781250
2.790000, 0.878906
2.795000, 0.961914
2.800000, 1.035156
2.805000, 1.093750
2.810000, 1.157227
2.815000, 1.201172
2.820000, 1.240234
2.825000, 1.250000
2.830000, 1.264648
2.835000, 1.269531
2.840000, 1.264648
2.845000, 1.245117
2.850000, 1.225586
2.855000, 1.186523
2.860000, 1.147461
2.865000, 1.093750
2.870000, 1.035156
2.875000, 0.976562
2.880000, 0.908203
2.885000, 0.834961
2.890000, 0.761719
2.895000, 0.668945
2.900000, 0.605469
2.905000, 0.522461
2.910000, 0.444336
2.915000, 0.356445
2.920000, 0.283203
2.925000, 0.205078
2.930000, 0.131836
2.935000, 0.048828
2.940000, -0.019531
2.945000, -0.092773
2.950000, -0.156250
2.955000, -0.219727
2.960000, -0.273438
2.965000, -0.322266
2.970000, -0.361328
2.975000, -0.405273
2.980000, -0.434570
2.985000, -0.458984
2.990000, -0.473633
2.995000, -0.478516
3.000000, -0.483398
3.005000, -0.478516
3.010000, -0.468750
3.015000, -0.449219
3.020000, -0.429688
3.025000, -0.395508
3.030000, -0.366211
3.035000, -0.336914
3.040000, -0.283203
3.045000, -0.239258
3.050000, -0.200195
3.055000, -0.146484
3.060000, -0.092773
3.065000, -0.039062
3.070000, 0.014648
3.075000, 0.068359
3.080000, 0.117188
3.085000, 0.166016
3.090000, 0.224609
3.095000, 0.273438
3.100000, 0.312500
3.105000, 0.361328
3.110000, 0.395508
3.115000, 0.439453
3.120000, 0.473633
3.125000, 0.502930
3.130000, 0.527344
3.135000, 0.551758
3.140000, 0.571289
3.145000, 0.581055
3.150000, 0.595703
3.155000, 0.605469
3.160000, 0.605469
3.165000, 0.605469
3.170000, 0.595703
3.175000, 0.581055
3.180000, 0.551758
3.185000, 0.507812
3.190000, 0.449219
3.195000, 0.371094
3.200000, 0.273438
3.205000, 0.156250
3.210000, 0.024414
3.215000, -0.126953
3.220000, -0.288086
3.225000, -0.468750
3.230000, -0.644531
3.235000, -0.820312
3.240000, -1.000977
3.245000, -1.157227
3.250000, -1.298828
3.255000, -1.416016
3.260000, -1.528320
3.265000, -1.611328
3.270000, -1.684570
3.275000, -1.733398
3.280000, -1.757812
3.285000, -1.777344
3.290000, -1.762695
3.295000, -1.738281
3.300000, -1.694336
3.305000, -1.640625
3.310000, -1.562500
3.315000, -1.474609
3.320000, -1.376953
3.325000, -1.269531
3.330000, -1.152344
3.335000, -1.020508
3.340000, -0.883789
3.345000, -0.742188
3.350000, -0.610352
3.355000, -0.458984
3.360000, -0.312500
3.365000, -0.161133
3.370000, -0.019531
3.375000, 0.126953
3.380000, 0.263672
3.385000, 0.400391
3.390000, 0.527344
3.395000, 0.649414
3.400000, 0.761719
3.405000, 0.859375
3.410000, 0.957031
3.415000, 1.040039
3.420000, 1.113281
3.425000, 1.181641
3.430000, 1.230469
3.435000, 1.259766
3.440000, 1.293945
3.445000, 1.313477
3.450000, 1.323242
3.455000, 1.318359
3.460000, 1.313477
3.465000, 1.284180
3.470000, 1.254883
3.475000, 1.220703
3.480000, 1.171875
3.485000, 1.118164
3.490000, 1.054688
3.495000, 0.981445
3.500000, 0.908203
3.505000, 0.834961
3.510000, 0.756836
3.515000, 0.673828
3.520000, 0.585938
3.525000, 0.502930
3.530000, 0.419922
3.535000, 0.332031
3.540000, 0.258789
3.545000, 0.170898
3.550000, 0.092773
3.555000, 0.019531
3.560000, -0.043945
3.565000, -0.117188
3.570000, -0.175781
3.575000, -0.229492
3.580000, -0.273438
3.585000, -0.312500
3.590000, -0.356445
3.595000, -0.380859
3.600000, -0.405273
3.605000, -0.424805
3.610000, -0.429688
3.615000, -0.429688
3.620000, -0.429688
3.625000, -0.424805
3.630000, -0.405273
3.635000, -0.390625
3.640000, -0.361328
3.645000, -0.332031
3.650000, -0.297852
3.655000, -0.263672
3.660000, -0.219727
3.665000, -0.175781
3.670000, -0.131836
3.675000, -0.078125
3.680000, -0.034180
3.685000, 0.014648
3.690000, 0.068359
3.695000, 0.117188
3.700000, 0.156250
3.705000, 0.209961
3.710000, 0.253906
3.715000, 0.292969
3.720000, 0.341797
3.725000, 0.380859
3.730000, 0.415039
3.735000, 0.449219
3.740000, 0.473633
3.745000, 0.498047
3.750000, 0.522461
3.755000, 0.541992
3.760000, 0.556641
3.765000, 0.561523
3.770000, 0.571289
3.775000, 0.566406
3.780000, 0.571289
3.785000, 0.571289
3.790000, 0.556641
3.795000, 0.541992
3.800000, 0.498047
3.805000, 0.449219
3.810000, 0.380859
3.815000, 0.292969
3.820000, 0.190430
3.825000, 0.063477
3.830000, -0.073242
3.835000, -0.224609
3.840000, -0.385742
3.845000, -0.556641
3.850000, -0.722656
3.855000, -0.893555
3.860000, -1.049805
3.865000, -1.191406
3.870000, -1.313477
3.875000, -1.411133
3.880000, -1.508789
3.885000, -1.572266
3.890000, -1.625977
3.895000, -1.655273
3.900000, -1.674805
3.905000, -1.669922
3.910000, -1.650391
3.915000, -1.621094
3.920000, -1.567383
3.925000, -1.499023
3.930000, -1.411133
3.935000, -1.323242
3.940000, -1.220703
3.945000, -1.108398
3.950000, -0.991211
3.955000, -0.864258
3.960000, -0.732422
3.965000, -0.600586
3.970000, -0.458984
3.975000, -0.312500
3.980000, -0.175781
3.985000, -0.039062
3.990000, 0.097656
3.995000, 0.229492
4.000000, 0.361328
4.005000, 0.483398
4.010000, 0.600586
4.015000, 0.708008
4.020000, 0.805664
4.025000, 0.898438
4.030000, 0.986328
4.035000, 1.049805
4.040000, 1.118164
4.045000, 1.171875
4.050000, 1.210938
4.055000, 1.240234
4.060000, 1.254883
4.065000, 1.264648
4.070000, 1.269531
4.075000, 1.254883
4.080000, 1.245117
4.085000, 1.220703
4.090000, 1.181641
4.095000, 1.132812
4.100000, 1.088867
4.105000, 1.020508
4.110000, 0.957031
4.115000, 0.893555
4.120000, 0.820312
4.125000, 0.742188
4.130000, 0.664062
4.135000, 0.581055
4.140000, 0.502930
4.145000, 0.424805
4.150000, 0.332031
4.155000, 0.258789
4.160000, 0.180664
4.165000, 0.107422
4.170000, 0.039062
4.175000, -0.034180
4.180000, -0.097656
4.185000, -0.170898
4.190000, -0.229492
4.195000, -0.283203
4.200000, -0.332031
4.205000, -0.375977
4.210000, -0.410156
4.215000, -0.439453
4.220000, -0.458984
4.225000, -0.468750
4.230000, -0.478516
4.235000, -0.478516
4.240000, -0.473633
4.245000, -0.463867
4.250000, -0.439453
4.255000, -0.415039
4.260000, -0.390625
4.265000, -0.356445
4.270000, -0.312500
4.275000, -0.278320
4.280000, -0.234375
4.285000, -0.180664
4.290000, -0.126953
4.295000, -0.078125
4.300000, -0.024414
4.305000, 0.029297
4.310000, 0.078125
4.315000, 0.136719
4.320000, 0.185547
4.325000, 0.234375
4.330000, 0.283203
4.335000, 0.327148
4.340000, 0.371094
4.345000, 0.415039
4.350000, 0.449219
4.355000, 0.478516
4.360000, 0.507812
4.365000, 0.537109
4.370000, 0.556641
4.375000, 0.585938
4.380000, 0.585938
4.385000, 0.595703
4.390000, 0.600586
4.395000, 0.605469
4.400000, 0.600586
4.405000, 0.585938
4.410000, 0.571289
4.415000, 0.537109
4.420000, 0.488281
4.425000, 0.429688
4.430000, 0.341797
4.435000, 0.239258
4.440000, 0.117188
4.445000, -0.019531
4.450000, -0.175781
4.455000, -0.346680
4.460000, -0.532227
4.465000, -0.698242
4.470000, -0.869141
4.475000, -1.049805
4.480000, -1.206055
4.485000, -1.337891
4.490000, -1.459961
4.495000, -1.557617
4.500000, -1.640625
4.505000, -1.699219
4.510000, -1.738281
4.515000, -1.767578
4.520000, -1.772461
4.525000, -1.757812
4.530000, -1.728516
4.535000, -1.684570
4.540000, -1.616211
4.545000, -1.538086
4.550000, -1.445312
4.555000, -1.342773
4.560000, -1.225586
4.565000, -1.103516
4.570000, -0.981445
4.575000, -0.839844
4.580000, -0.698242
4.585000, -0.561523
4.590000, -0.410156
4.595000, -0.268555
4.600000, -0.117188
4.605000, 0.029297
4.610000, 0.170898
4.615000, 0.312500
4.620000, 0.439453
4.625000, 0.566406
4.630000, 0.683594
4.635000, 0.791016
4.640000, 0.898438
4.645000, 0.981445
4.650000, 1.069336
4.655000, 1.132812
4.660000, 1.191406
4.665000, 1.245117
4.670000, 1.274414
4.675000, 1.303711
4.680000, 1.323242
4.685000, 1.323242
4.690000, 1.318359
4.695000, 1.303711
4.700000, 1.274414
4.705000, 1.245117
4.710000, 1.206055
4.715000, 1.157227
4.720000, 1.093750
4.725000, 1.035156
4.730000, 0.961914
4.735000, 0.888672
4.740000, 0.815430
4.745000, 0.732422
4.750000, 0.644531
4.755000, 0.556641
4.760000, 0.473633
4.765000, 0.390625
4.770000, 0.307617
4.775000, 0.224609
4.780000, 0.146484
4.785000, 0.068359
4.790000, 0.000000
4.795000, -0.068359
4.800000, -0.136719
4.805000, -0.190430
4.810000, -0.239258
4.815000, -0.288086
4.820000, -0.332031
4.825000, -0.361328
4.830000, -0.390625
4.835000, -0.410156
4.840000, -0.424805
4.845000, -0.429688
4.850000, -0.434570
4.855000, -0.429688
4.860000, -0.415039
4.865000, -0.400391
4.870000, -0.380859
4.875000, -0.356445
4.880000, -0.322266
4.885000, -0.283203
4.890000, -0.249023
4.895000, -0.205078
4.900000, -0.161133
4.905000, -0.112305
4.910000, -0.063477
4.915000, -0.019531
4.920000, 0.034180
4.925000, 0.073242
4.930000, 0.131836
4.935000, 0.175781
4.940000, 0.224609
4.945000, 0.268555
4.950000, 0.307617
4.955000, 0.341797
4.960000, 0.390625
4.965000, 0.429688
4.970000, 0.458984
4.975000, 0.483398
4.980000, 0.507812
4.985000, 0.532227
4.990000, 0.546875
4.995000, 0.561523
5.000000, 0.571289
5.005000, 0.571289
5.010000, 0.571289
5.015000, 0.576172
5.020000, 0.566406
5.025000, 0.546875
5.030000, 0.527344
5.035000, 0.478516
5.040000, 0.424805
5.045000, 0.351562
5.050000, 0.258789
5.055000, 0.141602
5.060000, 0.019531
5.065000, -0.126953
5.070000, -0.278320
5.075000, -0.439453
5.080000, -0.620117
5.085000, -0.781250
5.090000, -0.947266
5.095000, -1.103516
5.100000, -1.235352
5.105000, -1.352539
5.110000, -1.450195
5.115000, -1.528320
5.120000, -1.596680
5.125000, -1.640625
5.130000, -1.665039
5.135000, -1.669922
5.140000, -1.669922
5.145000, -1.640625
5.150000, -1.596680
5.155000, -1.542969
5.160000, -1.469727
5.165000, -1.381836
5.170000, -1.289062
5.175000, -1.191406
5.180000, -1.064453
5.185000, -0.942383
5.190000, -0.815430
5.195000, -0.683594
5.200000, -0.546875
5.205000, -0.405273
5.210000, -0.263672
5.215000, -0.126953
5.220000, 0.009766
5.225000, 0.146484
5.230000, 0.278320
5.235000, 0.405273
5.240000, 0.527344
5.245000, 0.639648
5.250000, 0.747070
5.255000, 0.844727
5.260000, 0.937500
5.265000, 1.010742
5.270000, 1.088867
5.275000, 1.132812
5.280000, 1.186523
5.285000, 1.225586
5.290000, 1.245117
5.295000, 1.264648
5.300000, 1.269531
5.305000, 1.264648
5.310000, 1.254883
5.315000, 1.245117
5.320000, 1.206055
5.325000, 1.166992
5.330000, 1.118164
5.335000, 1.064453
5.340000, 1.000977
5.345000, 0.937500
5.350000, 0.869141
5.355000, 0.795898
5.360000, 0.712891
5.365000, 0.634766
5.370000, 0.551758
5.375000, 0.473633
5.380000, 0.390625
5.385000, 0.312500
5.390000, 0.234375
5.395000, 0.161133
5.400000, 0.083008
5.405000, 0.009766
5.410000, -0.058594
5.415000, -0.122070
5.420000, -0.195312
5.425000, -0.249023
5.430000, -0.302734
5.435000, -0.346680
5.440000, -0.380859
5.445000, -0.419922
5.450000, -0.444336
5.455000, -0.468750
5.460000, -0.468750
5.465000, -0.478516
5.470000, -0.473633
5.475000, -0.463867
5.480000, -0.449219
5.485000, -0.434570
5.490000, -0.395508
5.495000, -0.371094
5.500000, -0.332031
5.505000, -0.292969
5.510000, -0.253906
5.515000, -0.209961
5.520000, -0.166016
5.525000, -0.102539
5.530000, -0.053711
5.535000, 0.000000
5.540000, 0.048828
5.545000, 0.102539
5.550000, 0.156250
5.555000, 0.200195
5.560000, 0.253906
5.565000, 0.302734
5.570000, 0.341797
5.575000, 0.390625
5.580000, 0.424805
5.585000, 0.458984
5.590000, 0.498047
5.595000, 0.522461
5.600000, 0.541992
5.605000, 0.561523
5.610000, 0.581055
5.615000, 0.581055
5.620000, 0.590820
5.625000, 0.595703
5.630000, 0.595703
5.635000, 0.590820
5.640000, 0.581055
5.645000, 0.551758
5.650000, 0.517578
5.655000, 0.463867
5.660000, 0.390625
5.665000, 0.297852
5.670000, 0.180664
5.675000, 0.053711
5.680000, -0.092773
5.685000, -0.253906
5.690000, -0.429688
5.695000, -0.605469
5.700000, -0.781250
5.705000, -0.957031
5.710000, -1.123047
5.715000, -1.259766
5.720000, -1.391602
5.725000, -1.508789
5.730000, -1.591797
5.735000, -1.655273
5.740000, -1.708984
5.745000, -1.752930
5.750000, -1.762695
5.755000, -1.762695
5.760000, -1.748047
5.765000, -1.704102
5.770000, -1.640625
5.775000, -1.582031
5.780000, -1.494141
5.785000, -1.396484
5.790000, -1.289062
5.795000, -1.166992
5.800000, -1.044922
5.805000, -0.908203
5.810000, -0.771484
5.815000, -0.625000
5.820000, -0.488281
5.825000, -0.346680
5.830000, -0.200195
5.835000, -0.043945
5.840000, 0.092773
5.845000, 0.234375
5.850000, 0.371094
5.855000, 0.498047
5.860000, 0.625000
5.865000, 0.737305
5.870000, 0.839844
5.875000, 0.937500
5.880000, 1.020508
5.885000, 1.098633
5.890000, 1.166992
5.895000, 1.210938
5.900000, 1.254883
5.905000, 1.284180
5.910000, 1.303711
5.915000, 1.323242
5.920000, 1.323242
5.925000, 1.308594
5.930000, 1.289062
5.935000, 1.259766
5.940000, 1.230469
5.945000, 1.181641
5.950000, 1.132812
5.955000, 1.069336
5.960000, 1.000977
5.965000, 0.932617
5.970000, 0.854492
5.975000, 0.771484
5.980000, 0.683594
5.985000, 0.615234
5.990000, 0.522461
5.995000, 0.434570
6.000000, 0.346680
6.005000, 0.268555
6.010000, 0.185547
6.015000, 0.107422
6.020000, 0.034180
6.025000, -0.039062
6.030000, -0.097656
6.035000, -0.156250
6.040000, -0.214844
6.045000, -0.268555
6.050000, -0.312500
6.055000, -0.346680
6.060000, -0.375977
6.065000, -0.395508
6.070000, -0.415039
6.075000, -0.424805
6.080000, -0.429688
6.085000, -0.434570
6.090000, -0.429688
6.095000, -0.410156
6.100000, -0.390625
6.105000, -0.366211
6.110000, -0.332031
6.115000, -0.312500
6.120000, -0.268555
6.125000, -0.229492
6.130000, -0.185547
6.135000, -0.136719
6.140000, -0.083008
6.145000, -0.043945
6.150000, 0.004883
6.155000, 0.053711
6.160000, 0.102539
6.165000, 0.151367
6.170000, 0.200195
6.175000, 0.244141
6.180000, 0.292969
6.185000, 0.332031
6.190000, 0.366211
6.195000, 0.410156
6.200000, 0.439453
6.205000, 0.468750
6.210000, 0.498047
6.215000, 0.517578
6.220000, 0.537109
6.225000, 0.546875
6.230000, 0.561523
6.235000, 0.571289
6.240000, 0.576172
6.245000, 0.576172
6.250000, 0.571289
6.255000, 0.556641
6.260000, 0.537109
6.265000, 0.502930
6.270000, 0.454102
6.275000, 0.375977
6.280000, 0.302734
6.285000, 0.200195
6.290000, 0.078125
6.295000, -0.053711
6.300000, -0.214844
6.305000, -0.375977
6.310000, -0.541992
6.315000, -0.712891
6.320000, -0.878906
6.325000, -1.040039
6.330000, -1.181641
6.335000, -1.303711
6.340000, -1.406250
6.345000, -1.503906
6.350000, -1.567383
6.355000, -1.625977
6.360000, -1.655273
6.365000, -1.679688
6.370000, -1.674805
6.375000, -1.655273
6.380000, -1.625977
6.385000, -1.567383
6.390000, -1.503906
6.395000, -1.425781
6.400000, -1.337891
6.405000, -1.235352
6.410000, -1.127930
6.415000, -1.005859
6.420000, -0.878906
6.425000, -0.742188
6.430000, -0.610352
6.435000, -0.473633
6.440000, -0.336914
6.445000, -0.190430
6.450000, -0.043945
6.455000, 0.083008
6.460000, 0.209961
6.465000, 0.351562
6.470000, 0.473633
6.475000, 0.590820
6.480000, 0.698242
6.485000, 0.805664
6.490000, 0.898438
6.495000, 0.976562
6.500000, 1.054688
6.505000, 1.113281
6.510000, 1.171875
6.515000, 1.210938
6.520000, 1.245117
6.525000, 1.254883
6.530000, 1.269531
6.535000, 1.274414
6.540000, 1.259766
6.545000, 1.245117
6.550000, 1.220703
6.555000, 1.186523
6.560000, 1.142578
6.565000, 1.093750
6.570000, 1.035156
6.575000, 0.971680
6.580000, 0.903320
6.585000, 0.830078
6.590000, 0.756836
6.595000, 0.668945
6.600000, 0.595703
6.605000, 0.507812
6.610000, 0.429688
6.615000, 0.351562
6.620000, 0.263672
6.625000, 0.190430
6.630000, 0.117188
6.635000, 0.043945
6.640000, -0.029297
6.645000, -0.097656
6.650000, -0.161133
6.655000, -0.219727
6.660000, -0.278320
6.665000, -0.317383
6.670000, -0.361328
6.675000, -0.400391
6.680000, -0.429688
6.685000, -0.449219
6.690000, -0.463867
6.695000, -0.468750
6.700000, -0.473633
6.705000, -0.473633
6.710000, -0.454102
6.715000, -0.434570
6.720000, -0.410156
6.725000, -0.385742
6.730000, -0.351562
6.735000, -0.312500
6.740000, -0.273438
6.745000, -0.224609
6.750000, -0.175781
6.755000, -0.126953
6.760000, -0.078125
6.765000, -0.024414
6.770000, 0.029297
6.775000, 0.073242
6.780000, 0.126953
6.785000, 0.180664
6.790000, 0.234375
6.795000, 0.278320
6.800000, 0.322266
6.805000, 0.366211
6.810000, 0.405273
6.815000, 0.449219
6.820000, 0.478516
6.825000, 0.507812
6.830000, 0.532227
6.835000, 0.551758
6.840000, 0.566406
6.845000, 0.581055
6.850000, 0.590820
6.855000, 0.595703
6.860000, 0.595703
6.865000, 0.590820
6.870000, 0.585938
6.875000, 0.566406
6.880000, 0.537109
6.885000, 0.483398
6.890000, 0.419922
6.895000, 0.336914
6.900000, 0.234375
6.905000, 0.112305
6.910000, -0.024414
6.915000, -0.180664
6.920000, -0.351562
6.925000, -0.527344
6.930000, -0.703125
6.935000, -0.878906
6.940000, -1.049805
6.945000, -1.206055
6.950000, -1.337891
6.955000, -1.455078
6.960000, -1.552734
6.965000, -1.635742
6.970000, -1.694336
6.975000, -1.738281
6.980000, -1.757812
6.985000, -1.762695
6.990000, -1.752930
6.995000, -1.718750
7.000000, -1.674805
7.005000, -1.606445
7.010000, -1.528320
7.015000, -1.440430
7.020000, -1.333008
7.025000, -1.225586
7.030000, -1.098633
7.035000, -0.971680
7.040000, -0.830078
7.045000, -0.693359
7.050000, -0.551758
7.055000, -0.405273
7.060000, -0.258789
7.065000, -0.107422
7.070000, 0.034180
7.075000, 0.175781
7.080000, 0.312500
7.085000, 0.444336
7.090000, 0.566406
7.095000, 0.683594
7.100000, 0.791016
7.105000, 0.893555
7.110000, 0.986328
7.115000, 1.064453
7.120000, 1.132812
7.125000, 1.196289
7.130000, 1.245117
7.135000, 1.274414
7.140000, 1.298828
7.145000, 1.313477
7.150000, 1.323242
7.155000, 1.318359
7.160000, 1.298828
7.165000, 1.274414
7.170000, 1.245117
7.175000, 1.206055
7.180000, 1.152344
7.185000, 1.093750
7.190000, 1.025391
7.195000, 0.957031
7.200000, 0.888672
7.205000, 0.800781
7.210000, 0.722656
7.215000, 0.644531
7.220000, 0.551758
7.225000, 0.468750
7.230000, 0.385742
7.235000, 0.302734
7.240000, 0.224609
7.245000, 0.146484
7.250000, 0.063477
7.255000, -0.009766
7.260000, -0.073242
7.265000, -0.136719
7.270000, -0.190430
7.275000, -0.244141
7.280000, -0.292969
7.285000, -0.327148
7.290000, -0.366211
7.295000, -0.390625
7.300000, -0.410156
7.305000, -0.424805
7.310000, -0.429688
7.315000, -0.429688
7.320000, -0.429688
7.325000, -0.410156
7.330000, -0.395508
7.335000, -0.375977
7.340000, -0.346680
7.345000, -0.312500
7.350000, -0.283203
7.355000, -0.244141
7.360000, -0.200195
7.365000, -0.156250
7.370000, -0.112305
7.375000, -0.063477
7.380000, -0.014648
7.385000, 0.039062
7.390000, 0.078125
7.395000, 0.131836
7.400000, 0.180664
7.405000, 0.224609
7.410000, 0.273438
7.415000, 0.312500
7.420000, 0.351562
7.425000, 0.390625
7.430000, 0.429688
7.435000, 0.458984
7.440000, 0.483398
7.445000, 0.507812
7.450000, 0.532227
7.455000, 0.546875
7.460000, 0.556641
7.465000, 0.566406
7.470000, 0.571289
7.475000, 0.576172
7.480000, 0.571289
7.485000, 0.561523
7.490000, 0.551758
7.495000, 0.517578
7.500000, 0.473633
7.505000, 0.419922
7.510000, 0.332031
7.515000, 0.244141
7.520000, 0.131836
7.525000, 0.000000
7.530000, -0.151367
7.535000, -0.307617
7.540000, -0.473633
7.545000, -0.639648
7.550000, -0.810547
7.555000, -0.971680
7.560000, -1.127930
7.565000, -1.250000
7.570000, -1.367188
7.575000, -1.464844
7.580000, -1.542969
7.585000, -1.601562
7.590000, -1.655273
7.595000, -1.669922
7.600000, -1.679688
7.605000, -1.674805
7.610000, -1.640625
7.615000, -1.601562
7.620000, -1.538086
7.625000, -1.464844
7.630000, -1.376953
7.635000, -1.279297
7.640000, -1.171875
7.645000, -1.054688
7.650000, -0.932617
7.655000, -0.805664
7.660000, -0.664062
7.665000, -0.537109
7.670000, -0.395508
7.675000, -0.258789
7.680000, -0.107422
7.685000, 0.029297
7.690000, 0.161133
7.695000, 0.297852
7.700000, 0.424805
7.705000, 0.546875
7.710000, 0.654297
7.715000, 0.756836
7.720000, 0.859375
7.725000, 0.947266
7.730000, 1.020508
7.735000, 1.093750
7.740000, 1.147461
7.745000, 1.196289
7.750000, 1.230469
7.755000, 1.250000
7.760000, 1.264648
7.765000, 1.269531
7.770000, 1.269531
7.775000, 1.250000
7.780000, 1.240234
7.785000, 1.201172
7.790000, 1.166992
7.795000, 1.113281
7.800000, 1.064453
7.805000, 0.996094
7.810000, 0.932617
7.815000, 0.859375
7.820000, 0.781250
7.825000, 0.703125
7.830000, 0.625000
7.835000, 0.541992
7.840000, 0.463867
7.845000, 0.380859
7.850000, 0.302734
7.855000, 0.224609
7.860000, 0.146484
7.865000, 0.073242
7.870000, 0.000000
7.875000, -0.068359
7.880000, -0.136719
7.885000, -0.195312
7.890000, -0.253906
7.895000, -0.307617
7.900000, -0.351562
7.905000, -0.390625
7.910000, -0.415039
7.915000, -0.439453
7.920000, -0.454102
7.925000, -0.468750
7.930000, -0.468750
7.935000, -0.468750
7.940000, -0.454102
7.945000, -0.439453
7.950000, -0.419922
7.955000, -0.390625
7.960000, -0.361328
7.965000, -0.322266
7.970000, -0.288086
7.975000, -0.239258
7.980000, -0.200195
7.985000, -0.146484
7.990000, -0.097656
7.995000, -0.043945
8.000000, 0.004883
8.005000, 0.058594
8.010000, 0.107422
8.015000, 0.156250
8.020000, 0.214844
8.025000, 0.258789
8.030000, 0.307617
8.035000, 0.351562
8.040000, 0.385742
8.045000, 0.429688
8.050000, 0.468750
8.055000, 0.493164
8.060000, 0.517578
8.065000, 0.541992
8.070000, 0.561523
8.075000, 0.576172
8.080000, 0.585938
8.085000, 0.590820
8.090000, 0.595703
8.095000, 0.595703
8.100000, 0.590820
8.105000, 0.571289
8.110000, 0.546875
8.115000, 0.507812
8.120000, 0.439453
8.125000, 0.371094
8.130000, 0.273438
8.135000, 0.156250
8.140000, 0.024414
8.145000, -0.122070
8.150000, -0.292969
8.155000, -0.463867
8.160000, -0.634766
8.165000, -0.815430
8.170000, -0.986328
8.175000, -1.152344
8.180000, -1.289062
8.185000, -1.411133
8.190000, -1.518555
8.195000, -1.601562
8.200000, -1.669922
8.205000, -1.718750
8.210000, -1.752930
8.215000, -1.767578
8.220000, -1.757812
8.225000, -1.728516
8.230000, -1.689453
8.235000, -1.635742
8.240000, -1.557617
8.245000, -1.474609
8.250000, -1.372070
8.255000, -1.254883
8.260000, -1.142578
8.265000, -1.010742
8.270000, -0.878906
8.275000, -0.742188
8.280000, -0.600586
8.285000, -0.454102
8.290000, -0.307617
8.295000, -0.156250
8.300000, -0.009766
8.305000, 0.122070
8.310000, 0.268555
8.315000, 0.395508
8.320000, 0.527344
8.325000, 0.644531
8.330000, 0.756836
8.335000, 0.859375
8.340000, 0.952148
8.345000, 1.035156
8.350000, 1.108398
8.355000, 1.171875
8.360000, 1.225586
8.365000, 1.259766
8.370000, 1.289062
8.375000, 1.303711
8.380000, 1.318359
8.385000, 1.318359
8.390000, 1.303711
8.395000, 1.284180
8.400000, 1.250000
8.405000, 1.215820
8.410000, 1.166992
8.415000, 1.108398
8.420000, 1.054688
8.425000, 0.981445
8.430000, 0.908203
8.435000, 0.830078
8.440000, 0.751953
8.445000, 0.668945
8.450000, 0.581055
8.455000, 0.498047
8.460000, 0.415039
8.465000, 0.332031
8.470000, 0.249023
8.475000, 0.170898
8.480000, 0.083008
8.485000, 0.014648
8.490000, -0.048828
8.495000, -0.117188
8.500000, -0.170898
8.505000, -0.224609
8.510000, -0.273438
8.515000, -0.317383
8.520000, -0.351562
8.525000, -0.380859
8.530000, -0.400391
8.535000, -0.415039
8.540000, -0.429688
8.545000, -0.429688
8.550000, -0.429688
8.555000, -0.424805
8.560000, -0.405273
8.565000, -0.385742
8.570000, -0.356445
8.575000, -0.332031
8.580000, -0.292969
8.585000, -0.258789
8.590000, -0.214844
8.595000, -0.175781
8.600000, -0.126953
8.605000, -0.083008
8.610000, -0.029297
8.615000, 0.014648
8.620000, 0.063477
8.625000, 0.117188
8.630000, 0.161133
8.635000, 0.205078
8.640000, 0.253906
8.645000, 0.302734
8.650000, 0.341797
8.655000, 0.375977
8.660000, 0.410156
8.665000, 0.449219
8.670000, 0.473633
8.675000, 0.502930
8.680000, 0.512695
8.685000, 0.541992
8.690000, 0.556641
8.695000, 0.566406
8.700000, 0.571289
8.705000, 0.571289
8.710000, 0.566406
8.715000, 0.571289
8.720000, 0.556641
8.725000, 0.527344
8.730000, 0.483398
8.735000, 0.434570
8.740000, 0.366211
8.745000, 0.273438
8.750000, 0.161133
8.755000, 0.034180
8.760000, -0.102539
8.765000, -0.258789
8.770000, -0.429688
8.775000, -0.595703
8.780000, -0.761719
8.785000, -0.927734
8.790000, -1.088867
8.795000, -1.225586
8.800000, -1.337891
8.805000, -1.440430
8.810000, -1.528320
8.815000, -1.591797
8.820000, -1.635742
8.825000, -1.669922
8.830000, -1.684570
8.835000, -1.669922
8.840000, -1.655273
8.845000, -1.611328
8.850000, -1.557617
8.855000, -1.489258
8.860000, -1.401367
8.865000, -1.313477
8.870000, -1.201172
8.875000, -1.093750
8.880000, -0.971680
8.885000, -0.849609
8.890000, -0.703125
8.895000, -0.571289
8.900000, -0.434570
8.905000, -0.292969
8.910000, -0.151367
8.915000, -0.009766
8.920000, 0.122070
8.925000, 0.258789
8.930000, 0.390625
8.935000, 0.507812
8.940000, 0.625000
8.945000, 0.732422
8.950000, 0.834961
8.955000, 0.922852
8.960000, 1.005859
8.965000, 1.069336
8.970000, 1.127930
8.975000, 1.181641
8.980000, 1.225586
8.985000, 1.245117
8.990000, 1.264648
8.995000, 1.269531
9.000000, 1.269531
9.005000, 1.259766
9.010000, 1.245117
9.015000, 1.215820
9.020000, 1.176758
9.025000, 1.132812
9.030000, 1.079102
9.035000, 1.015625
9.040000, 0.947266
9.045000, 0.878906
9.050000, 0.805664
9.055000, 0.727539
9.060000, 0.654297
9.065000, 0.571289
9.070000, 0.483398
9.075000, 0.400391
9.080000, 0.327148
9.085000, 0.244141
9.090000, 0.170898
9.095000, 0.097656
9.100000, 0.019531
9.105000, -0.048828
9.110000, -0.122070
9.115000, -0.175781
9.120000, -0.239258
9.125000, -0.292969
9.130000, -0.332031
9.135000, -0.375977
9.140000, -0.410156
9.145000, -0.429688
9.150000, -0.449219
9.155000, -0.463867
9.160000, -0.468750
9.165000, -0.463867
9.170000, -0.458984
9.175000, -0.444336
9.180000, -0.424805
9.185000, -0.395508
9.190000, -0.371094
9.195000, -0.336914
9.200000, -0.297852
9.205000, -0.249023
9.210000, -0.205078
9.215000, -0.156250
9.220000, -0.117188
9.225000, -0.053711
9.230000, 0.000000
9.235000, 0.043945
9.240000, 0.097656
9.245000, 0.151367
9.250000, 0.195312
9.255000, 0.244141
9.260000, 0.292969
9.265000, 0.341797
9.270000, 0.380859
9.275000, 0.419922
9.280000, 0.449219
9.285000, 0.493164
9.290000, 0.507812
9.295000, 0.537109
9.300000, 0.556641
9.305000, 0.571289
9.310000, 0.590820
9.315000, 0.585938
9.320000, 0.590820
9.325000, 0.590820
9.330000, 0.590820
9.335000, 0.576172
9.340000, 0.556641
9.345000, 0.512695
9.350000, 0.458984
9.355000, 0.385742
9.360000, 0.307617
9.365000, 0.185547
9.370000, 0.058594
9.375000, -0.087891
9.380000, -0.249023
9.385000, -0.419922
9.390000, -0.600586
9.395000, -0.776367
9.400000, -0.947266
9.405000, -1.118164
9.410000, -1.250000
9.415000, -1.386719
9.420000, -1.489258
9.425000, -1.582031
9.430000, -1.655273
9.435000, -1.708984
9.440000, -1.743164
9.445000, -1.757812
9.450000, -1.752930
9.455000, -1.738281
9.460000, -1.699219
9.465000, -1.640625
9.470000, -1.572266
9.475000, -1.489258
9.480000, -1.391602
9.485000, -1.279297
9.490000, -1.171875
9.495000, -1.044922
9.500000, -0.913086
9.505000, -0.771484
9.510000, -0.625000
9.515000, -0.488281
9.520000, -0.341797
9.525000, -0.195312
9.530000, -0.048828
9.535000, 0.092773
9.540000, 0.234375
9.545000, 0.366211
9.550000, 0.498047
9.555000, 0.620117
9.560000, 0.732422
9.565000, 0.834961
9.570000, 0.932617
9.575000, 1.015625
9.580000, 1.093750
9.585000, 1.157227
9.590000, 1.210938
9.595000, 1.245117
9.600000, 1.284180
9.605000, 1.303711
9.610000, 1.313477
9.615000, 1.318359
9.620000, 1.303711
9.625000, 1.284180
9.630000, 1.254883
9.635000, 1.225586
9.640000, 1.176758
9.645000, 1.123047
9.650000, 1.064453
9.655000, 0.996094
9.660000, 0.927734
9.665000, 0.854492
9.670000, 0.771484
9.675000, 0.683594
9.680000, 0.605469
9.685000, 0.522461
9.690000, 0.434570
9.695000, 0.351562
9.700000, 0.268555
9.705000, 0.185547
9.710000, 0.117188
9.715000, 0.034180
9.720000, -0.029297
9.725000, -0.097656
9.730000, -0.161133
9.735000, -0.209961
9.740000, -0.258789
9.745000, -0.302734
9.750000, -0.336914
9.755000, -0.366211
9.760000, -0.395508
9.765000, -0.410156
9.770000, -0.424805
9.775000, -0.429688
9.780000, -0.429688
9.785000, -0.419922
9.790000, -0.410156
9.795000, -0.385742
9.800000, -0.366211
9.805000, -0.336914
9.810000, -0.302734
9.815000, -0.268555
9.820000, -0.224609
9.825000, -0.180664
9.830000, -0.136719
9.835000, -0.087891
9.840000, -0.039062
9.845000, 0.000000
9.850000, 0.053711
9.855000, 0.102539
9.860000, 0.151367
9.865000, 0.195312
9.870000, 0.244141
9.875000, 0.288086
9.880000, 0.327148
9.885000, 0.371094
9.890000, 0.405273
9.895000, 0.439453
9.900000, 0.468750
9.905000, 0.498047
9.910000, 0.517578
9.915000, 0.532227
9.920000, 0.546875
9.925000, 0.561523
9.930000, 0.561523
9.935000, 0.571289
9.940000, 0.571289
9.945000, 0.566406
9.950000, 0.556641
9.955000, 0.537109
9.960000, 0.493164
9.965000, 0.449219
9.970000, 0.380859
9.975000, 0.288086
9.980000, 0.190430
9.985000, 0.063477
9.990000, -0.073242
9.995000, -0.224609
