0.000000, -1.000977
0.005000, -0.976562
0.010000, -0.957031
0.015000, -0.908203
0.020000, -0.854492
0.025000, -0.795898
0.030000, -0.737305
0.035000, -0.673828
0.040000, -0.610352
0.045000, -0.537109
0.050000, -0.458984
0.055000, -0.380859
0.060000, -0.302734
0.065000, -0.229492
0.070000, -0.151367
0.075000, -0.078125
0.080000, 0.000000
0.085000, 0.068359
0.090000, 0.131836
0.095000, 0.195312
0.100000, 0.258789
0.105000, 0.312500
0.110000, 0.361328
0.115000, 0.405273
0.120000, 0.449219
0.125000, 0.488281
0.130000, 0.517578
0.135000, 0.551758
0.140000, 0.566406
0.145000, 0.581055
0.150000, 0.590820
0.155000, 0.600586
0.160000, 0.600586
0.165000, 0.605469
0.170000, 0.600586
0.175000, 0.590820
0.180000, 0.581055
0.185000, 0.561523
0.190000, 0.546875
0.195000, 0.532227
0.200000, 0.507812
0.205000, 0.488281
0.210000, 0.468750
0.215000, 0.439453
0.220000, 0.410156
0.225000, 0.390625
0.230000, 0.361328
0.235000, 0.336914
0.240000, 0.307617
0.245000, 0.292969
0.250000, 0.258789
0.255000, 0.229492
0.260000, 0.214844
0.265000, 0.195312
0.270000, 0.180664
0.275000, 0.161133
0.280000, 0.146484
0.285000, 0.136719
0.290000, 0.117188
0.295000, 0.107422
0.300000, 0.092773
0.305000, 0.078125
0.310000, 0.063477
0.315000, 0.048828
0.320000, 0.034180
0.325000, 0.009766
0.330000, -0.004883
0.335000, -0.034180
0.340000, -0.048828
0.345000, -0.078125
0.350000, -0.097656
0.355000, -0.117188
0.360000, -0.136719
0.365000, -0.151367
0.370000, -0.161133
0.375000, -0.166016
0.380000, -0.175781
0.385000, -0.166016
0.390000, -0.161133
0.395000, -0.156250
0.400000, -0.146484
0.405000, -0.131836
0.410000, -0.112305
0.415000, -0.097656
0.420000, -0.078125
0.425000, -0.048828
0.430000, -0.029297
0.435000, -0.009766
0.440000, 0.014648
0.445000, 0.039062
0.450000, 0.063477
0.455000, 0.083008
0.460000, 0.112305
0.465000, 0.136719
0.470000, 0.156250
0.475000, 0.175781
0.480000, 0.195312
0.485000, 0.219727
0.490000, 0.234375
0.495000, 0.253906
0.500000, 0.268555
0.505000, 0.273438
0.510000, 0.278320
0.515000, 0.283203
0.520000, 0.268555
0.525000, 0.249023
0.530000, 0.219727
0.535000, 0.175781
0.540000, 0.122070
0.545000, 0.058594
0.550000, -0.009766
0.555000, -0.092773
0.560000, -0.175781
0.565000, -0.273438
0.570000, -0.366211
0.575000, -0.454102
0.580000, -0.541992
0.585000, -0.620117
0.590000, -0.678711
0.595000, -0.737305
0.600000, -0.776367
0.605000, -0.805664
0.610000, -0.825195
0.615000, -0.834961
0.620000, -0.825195
0.625000, -0.815430
0.630000, -0.795898
0.635000, -0.761719
0.640000, -0.727539
0.645000, -0.683594
0.650000, -0.629883
0.655000, -0.585938
0.660000, -0.527344
0.665000, -0.463867
0.670000, -0.400391
0.675000, -0.332031
0.680000, -0.268555
0.685000, -0.200195
0.690000, -0.136719
0.695000, -0.068359
0.700000, -0.004883
0.705000, 0.053711
0.710000, 0.112305
0.715000, 0.166016
0.720000, 0.219727
0.725000, 0.273438
0.730000, 0.312500
0.735000, 0.356445
0.740000, 0.395508
0.745000, 0.429688
0.750000, 0.463867
0.755000, 0.483398
0.760000, 0.502930
0.765000, 0.522461
0.770000, 0.532227
0.775000, 0.541992
0.780000, 0.546875
0.785000, 0.541992
0.790000, 0.546875
0.795000, 0.541992
0.800000, 0.527344
0.805000, 0.517578
0.810000, 0.507812
0.815000, 0.488281
0.820000, 0.473633
0.825000, 0.454102
0.830000, 0.434570
0.835000, 0.419922
0.840000, 0.390625
0.845000, 0.371094
0.850000, 0.351562
0.855000, 0.327148
0.860000, 0.312500
0.865000, 0.283203
0.870000, 0.258789
0.875000, 0.229492
0.880000, 0.190430
0.885000, 0.151367
0.890000, 0.107422
0.895000, 0.053711
0.900000, -0.004883
0.905000, -0.063477
0.910000, -0.131836
0.915000, -0.195312
0.920000, -0.263672
0.925000, -0.327148
0.930000, -0.385742
0.935000, -0.444336
0.940000, -0.488281
0.945000, -0.522461
0.950000, -0.546875
0.955000, -0.566406
0.960000, -0.571289
0.965000, -0.571289
0.970000, -0.566406
0.975000, -0.551758
0.980000, -0.527344
0.985000, -0.502930
0.990000, -0.468750
0.995000, -0.439453
1.000000, -0.395508
1.005000, -0.351562
1.010000, -0.312500
1.015000, -0.258789
1.020000, -0.214844
1.025000, -0.161133
1.030000, -0.112305
1.035000, -0.063477
1.040000, -0.009766
1.045000, 0.034180
1.050000, 0.078125
1.055000, 0.126953
1.060000, 0.166016
1.065000, 0.209961
1.070000, 0.244141
1.075000, 0.283203
1.080000, 0.312500
1.085000, 0.346680
1.090000, 0.366211
1.095000, 0.385742
1.100000, 0.410156
1.105000, 0.429688
1.110000, 0.439453
1.115000, 0.449219
1.120000, 0.454102
1.125000, 0.463867
1.130000, 0.463867
1.135000, 0.463867
1.140000, 0.458984
1.145000, 0.449219
1.150000, 0.444336
1.155000, 0.434570
1.160000, 0.424805
1.165000, 0.405273
1.170000, 0.390625
1.175000, 0.366211
1.180000, 0.336914
1.185000, 0.297852
1.190000, 0.244141
1.195000, 0.180664
1.200000, 0.112305
1.205000, 0.029297
1.210000, -0.058594
1.215000, -0.156250
1.220000, -0.268555
1.225000, -0.366211
1.230000, -0.473633
1.235000, -0.571289
1.240000, -0.659180
1.245000, -0.737305
1.250000, -0.795898
1.255000, -0.859375
1.260000, -0.893555
1.265000, -0.922852
1.270000, -0.932617
1.275000, -0.932617
1.280000, -0.922852
1.285000, -0.903320
1.290000, -0.874023
1.295000, -0.834961
1.300000, -0.795898
1.305000, -0.737305
1.310000, -0.683594
1.315000, -0.620117
1.320000, -0.561523
1.325000, -0.493164
1.330000, -0.424805
1.335000, -0.361328
1.340000, -0.273438
1.345000, -0.205078
1.350000, -0.131836
1.355000, -0.058594
1.360000, 0.004883
1.365000, 0.068359
1.370000, 0.136719
1.375000, 0.190430
1.380000, 0.249023
1.385000, 0.302734
1.390000, 0.346680
1.395000, 0.390625
1.400000, 0.429688
1.405000, 0.468750
1.410000, 0.498047
1.415000, 0.522461
1.420000, 0.541992
1.425000, 0.556641
1.430000, 0.571289
1.435000, 0.581055
1.440000, 0.581055
1.445000, 0.576172
1.450000, 0.581055
1.455000, 0.561523
1.460000, 0.556641
1.465000, 0.546875
1.470000, 0.527344
1.475000, 0.507812
1.480000, 0.488281
1.485000, 0.468750
1.490000, 0.449219
1.495000, 0.424805
1.500000, 0.400391
1.505000, 0.380859
1.510000, 0.351562
1.515000, 0.332031
1.520000, 0.307617
1.525000, 0.283203
1.530000, 0.258789
1.535000, 0.234375
1.540000, 0.219727
1.545000, 0.195312
1.550000, 0.175781
1.555000, 0.151367
1.560000, 0.131836
1.565000, 0.107422
1.570000, 0.073242
1.575000, 0.029297
1.580000, 0.000000
1.585000, -0.039062
1.590000, -0.078125
1.595000, -0.122070
1.600000, -0.161133
1.605000, -0.205078
1.610000, -0.239258
1.615000, -0.273438
1.620000, -0.302734
1.625000, -0.317383
1.630000, -0.332031
1.635000, -0.341797
1.640000, -0.341797
1.645000, -0.336914
1.650000, -0.327148
1.655000, -0.317383
1.660000, -0.302734
1.665000, -0.273438
1.670000, -0.253906
1.675000, -0.224609
1.680000, -0.195312
1.685000, -0.166016
1.690000, -0.126953
1.695000, -0.097656
1.700000, -0.058594
1.705000, -0.024414
1.710000, 0.009766
1.715000, 0.043945
1.720000, 0.078125
1.725000, 0.112305
1.730000, 0.146484
1.735000, 0.175781
1.740000, 0.200195
1.745000, 0.229492
1.750000, 0.258789
1.755000, 0.278320
1.760000, 0.302734
1.765000, 0.317383
1.770000, 0.336914
1.775000, 0.346680
1.780000, 0.351562
1.785000, 0.371094
1.790000, 0.380859
1.795000, 0.380859
1.800000, 0.385742
1.805000, 0.385742
1.810000, 0.380859
1.815000, 0.351562
1.820000, 0.327148
1.825000, 0.292969
1.830000, 0.239258
1.835000, 0.175781
1.840000, 0.097656
1.845000, 0.014648
1.850000, -0.078125
1.855000, -0.185547
1.860000, -0.297852
1.865000, -0.410156
1.870000, -0.517578
1.875000, -0.625000
1.880000, -0.722656
1.885000, -0.805664
1.890000, -0.878906
1.895000, -0.927734
1.900000, -0.966797
1.905000, -0.996094
1.910000, -1.010742
1.915000, -1.010742
1.920000, -1.000977
1.925000, -0.976562
1.930000, -0.947266
1.935000, -0.908203
1.940000, -0.859375
1.945000, -0.800781
1.950000, -0.747070
1.955000, -0.683594
1.960000, -0.615234
1.965000, -0.537109
1.970000, -0.468750
1.975000, -0.390625
1.980000, -0.312500
1.985000, -0.234375
1.990000, -0.156250
1.995000, -0.083008
2.000000, -0.009766
2.005000, 0.058594
2.010000, 0.126953
2.015000, 0.190430
2.020000, 0.249023
2.025000, 0.307617
2.030000, 0.356445
2.035000, 0.405273
2.040000, 0.449219
2.045000, 0.483398
2.050000, 0.517578
2.055000, 0.541992
2.060000, 0.561523
2.065000, 0.581055
2.070000, 0.590820
2.075000, 0.600586
2.080000, 0.605469
2.085000, 0.605469
2.090000, 0.600586
2.095000, 0.590820
2.100000, 0.585938
2.105000, 0.566406
2.110000, 0.551758
2.115000, 0.537109
2.120000, 0.512695
2.125000, 0.488281
2.130000, 0.468750
2.135000, 0.439453
2.140000, 0.419922
2.145000, 0.395508
2.150000, 0.366211
2.155000, 0.341797
2.160000, 0.312500
2.165000, 0.288086
2.170000, 0.268555
2.175000, 0.234375
2.180000, 0.224609
2.185000, 0.200195
2.190000, 0.180664
2.195000, 0.161133
2.200000, 0.146484
2.205000, 0.131836
2.210000, 0.117188
2.215000, 0.107422
2.220000, 0.092773
2.225000, 0.078125
2.230000, 0.068359
2.235000, 0.048828
2.240000, 0.029297
2.245000, 0.004883
2.250000, -0.009766
2.255000, -0.029297
2.260000, -0.053711
2.265000, -0.078125
2.270000, -0.097656
2.275000, -0.117188
2.280000, -0.136719
2.285000, -0.151367
2.290000, -0.156250
2.295000, -0.166016
2.300000, -0.180664
2.305000, -0.166016
2.310000, -0.166016
2.315000, -0.156250
2.320000, -0.151367
2.325000, -0.131836
2.330000, -0.117188
2.335000, -0.097656
2.340000, -0.078125
2.345000, -0.053711
2.350000, -0.034180
2.355000, -0.009766
2.360000, 0.009766
2.365000, 0.039062
2.370000, 0.063477
2.375000, 0.087891
2.380000, 0.117188
2.385000, 0.136719
2.390000, 0.156250
2.395000, 0.180664
2.400000, 0.200195
2.405000, 0.219727
2.410000, 0.234375
2.415000, 0.253906
2.420000, 0.268555
2.425000, 0.278320
2.430000, 0.288086
2.435000, 0.283203
2.440000, 0.273438
2.445000, 0.253906
2.450000, 0.224609
2.455000, 0.180664
2.460000, 0.136719
2.465000, 0.068359
2.470000, 0.000000
2.475000, -0.078125
2.480000, -0.170898
2.485000, -0.258789
2.490000, -0.351562
2.495000, -0.444336
2.500000, -0.532227
2.505000, -0.615234
2.510000, -0.673828
2.515000, -0.737305
2.520000, -0.776367
2.525000, -0.810547
2.530000, -0.830078
2.535000, -0.834961
2.540000, -0.834961
2.545000, -0.820312
2.550000, -0.800781
2.555000, -0.771484
2.560000, -0.737305
2.565000, -0.693359
2.570000, -0.644531
2.575000, -0.595703
2.580000, -0.537109
2.585000, -0.473633
2.590000, -0.410156
2.595000, -0.341797
2.600000, -0.278320
2.605000, -0.214844
2.610000, -0.146484
2.615000, -0.078125
2.620000, -0.014648
2.625000, 0.043945
2.630000, 0.102539
2.635000, 0.156250
2.640000, 0.214844
2.645000, 0.268555
2.650000, 0.317383
2.655000, 0.351562
2.660000, 0.390625
2.665000, 0.429688
2.670000, 0.454102
2.675000, 0.478516
2.680000, 0.498047
2.685000, 0.522461
2.690000, 0.537109
2.695000, 0.541992
2.700000, 0.546875
2.705000, 0.546875
2.710000, 0.546875
2.715000, 0.541992
2.720000, 0.532227
2.725000, 0.522461
2.730000, 0.507812
2.735000, 0.493164
2.740000, 0.478516
2.745000, 0.458984
2.750000, 0.439453
2.755000, 0.424805
2.760000, 0.395508
2.765000, 0.371094
2.770000, 0.351562
2.775000, 0.327148
2.780000, 0.312500
2.785000, 0.288086
2.790000, 0.258789
2.795000, 0.234375
2.800000, 0.200195
2.805000, 0.156250
2.810000, 0.112305
2.815000, 0.063477
2.820000, 0.014648
2.825000, -0.043945
2.830000, -0.107422
2.835000, -0.170898
2.840000, -0.239258
2.845000, -0.302734
2.850000, -0.366211
2.855000, -0.424805
2.860000, -0.468750
2.865000, -0.498047
2.870000, -0.532227
2.875000, -0.546875
2.880000, -0.561523
2.885000, -0.561523
2.890000, -0.556641
2.895000, -0.546875
2.900000, -0.527344
2.905000, -0.507812
2.910000, -0.468750
2.915000, -0.439453
2.920000, -0.400391
2.925000, -0.356445
2.930000, -0.312500
2.935000, -0.268555
2.940000, -0.219727
2.945000, -0.166016
2.950000, -0.122070
2.955000, -0.073242
2.960000, -0.019531
2.965000, 0.024414
2.970000, 0.068359
2.975000, 0.117188
2.980000, 0.156250
2.985000, 0.200195
2.990000, 0.234375
2.995000, 0.273438
3.000000, 0.302734
3.005000, 0.332031
3.010000, 0.356445
3.015000, 0.380859
3.020000, 0.405273
3.025000, 0.424805
3.030000, 0.434570
3.035000, 0.444336
3.040000, 0.454102
3.045000, 0.458984
3.050000, 0.458984
3.055000, 0.458984
3.060000, 0.444336
3.065000, 0.444336
3.070000, 0.444336
3.075000, 0.434570
3.080000, 0.419922
3.085000, 0.400391
3.090000, 0.390625
3.095000, 0.366211
3.100000, 0.336914
3.105000, 0.297852
3.110000, 0.244141
3.115000, 0.185547
3.120000, 0.117188
3.125000, 0.029297
3.130000, -0.058594
3.135000, -0.156250
3.140000, -0.258789
3.145000, -0.366211
3.150000, -0.473633
3.155000, -0.576172
3.160000, -0.664062
3.165000, -0.742188
3.170000, -0.810547
3.175000, -0.859375
3.180000, -0.898438
3.185000, -0.922852
3.190000, -0.932617
3.195000, -0.937500
3.200000, -0.942383
3.205000, -0.913086
3.210000, -0.883789
3.215000, -0.844727
3.220000, -0.800781
3.225000, -0.747070
3.230000, -0.693359
3.235000, -0.625000
3.240000, -0.566406
3.245000, -0.498047
3.250000, -0.429688
3.255000, -0.356445
3.260000, -0.283203
3.265000, -0.209961
3.270000, -0.141602
3.275000, -0.063477
3.280000, 0.000000
3.285000, 0.068359
3.290000, 0.131836
3.295000, 0.190430
3.300000, 0.249023
3.305000, 0.302734
3.310000, 0.346680
3.315000, 0.390625
3.320000, 0.429688
3.325000, 0.468750
3.330000, 0.493164
3.335000, 0.522461
3.340000, 0.541992
3.345000, 0.556641
3.350000, 0.571289
3.355000, 0.585938
3.360000, 0.585938
3.365000, 0.581055
3.370000, 0.576172
3.375000, 0.576172
3.380000, 0.556641
3.385000, 0.546875
3.390000, 0.532227
3.395000, 0.512695
3.400000, 0.493164
3.405000, 0.473633
3.410000, 0.444336
3.415000, 0.429688
3.420000, 0.400391
3.425000, 0.380859
3.430000, 0.356445
3.435000, 0.327148
3.440000, 0.307617
3.445000, 0.283203
3.450000, 0.258789
3.455000, 0.239258
3.460000, 0.219727
3.465000, 0.195312
3.470000, 0.185547
3.475000, 0.156250
3.480000, 0.136719
3.485000, 0.112305
3.490000, 0.078125
3.495000, 0.043945
3.500000, 0.014648
3.505000, -0.019531
3.510000, -0.058594
3.515000, -0.102539
3.520000, -0.141602
3.525000, -0.175781
3.530000, -0.214844
3.535000, -0.244141
3.540000, -0.278320
3.545000, -0.292969
3.550000, -0.312500
3.555000, -0.317383
3.560000, -0.327148
3.565000, -0.327148
3.570000, -0.312500
3.575000, -0.302734
3.580000, -0.288086
3.585000, -0.268555
3.590000, -0.244141
3.595000, -0.219727
3.600000, -0.195312
3.605000, -0.156250
3.610000, -0.126953
3.615000, -0.097656
3.620000, -0.063477
3.625000, -0.024414
3.630000, 0.004883
3.635000, 0.039062
3.640000, 0.063477
3.645000, 0.102539
3.650000, 0.136719
3.655000, 0.166016
3.660000, 0.195312
3.665000, 0.224609
3.670000, 0.249023
3.675000, 0.268555
3.680000, 0.288086
3.685000, 0.312500
3.690000, 0.322266
3.695000, 0.341797
3.700000, 0.351562
3.705000, 0.361328
3.710000, 0.366211
3.715000, 0.366211
3.720000, 0.380859
3.725000, 0.375977
3.730000, 0.371094
3.735000, 0.346680
3.740000, 0.317383
3.745000, 0.273438
3.750000, 0.219727
3.755000, 0.156250
3.760000, 0.073242
3.765000, -0.009766
3.770000, -0.112305
3.775000, -0.219727
3.780000, -0.322266
3.785000, -0.439453
3.790000, -0.546875
3.795000, -0.649414
3.800000, -0.737305
3.805000, -0.820312
3.810000, -0.883789
3.815000, -0.932617
3.820000, -0.976562
3.825000, -0.991211
3.830000, -1.005859
3.835000, -1.005859
3.840000, -0.991211
3.845000, -0.966797
3.850000, -0.937500
3.855000, -0.893555
3.860000, -0.844727
3.865000, -0.781250
3.870000, -0.722656
3.875000, -0.659180
3.880000, -0.585938
3.885000, -0.517578
3.890000, -0.444336
3.895000, -0.361328
3.900000, -0.283203
3.905000, -0.209961
3.910000, -0.136719
3.915000, -0.063477
3.920000, 0.009766
3.925000, 0.078125
3.930000, 0.146484
3.935000, 0.209961
3.940000, 0.268555
3.945000, 0.317383
3.950000, 0.371094
3.955000, 0.415039
3.960000, 0.454102
3.965000, 0.493164
3.970000, 0.522461
3.975000, 0.546875
3.980000, 0.566406
3.985000, 0.581055
3.990000, 0.595703
3.995000, 0.590820
4.000000, 0.600586
4.005000, 0.605469
4.010000, 0.595703
4.015000, 0.585938
4.020000, 0.576172
4.025000, 0.561523
4.030000, 0.546875
4.035000, 0.527344
4.040000, 0.502930
4.045000, 0.483398
4.050000, 0.454102
4.055000, 0.434570
4.060000, 0.410156
4.065000, 0.380859
4.070000, 0.356445
4.075000, 0.332031
4.080000, 0.312500
4.085000, 0.278320
4.090000, 0.258789
4.095000, 0.234375
4.100000, 0.214844
4.105000, 0.190430
4.110000, 0.175781
4.115000, 0.151367
4.120000, 0.146484
4.125000, 0.131836
4.130000, 0.117188
4.135000, 0.097656
4.140000, 0.083008
4.145000, 0.068359
4.150000, 0.053711
4.155000, 0.034180
4.160000, 0.009766
4.165000, -0.009766
4.170000, -0.034180
4.175000, -0.058594
4.180000, -0.078125
4.185000, -0.112305
4.190000, -0.131836
4.195000, -0.146484
4.200000, -0.161133
4.205000, -0.175781
4.210000, -0.185547
4.215000, -0.190430
4.220000, -0.185547
4.225000, -0.180664
4.230000, -0.175781
4.235000, -0.161133
4.240000, -0.151367
4.245000, -0.126953
4.250000, -0.112305
4.255000, -0.087891
4.260000, -0.068359
4.265000, -0.043945
4.270000, -0.019531
4.275000, 0.000000
4.280000, 0.029297
4.285000, 0.053711
4.290000, 0.078125
4.295000, 0.107422
4.300000, 0.131836
4.305000, 0.156250
4.310000, 0.175781
4.315000, 0.195312
4.320000, 0.214844
4.325000, 0.234375
4.330000, 0.253906
4.335000, 0.273438
4.340000, 0.283203
4.345000, 0.292969
4.350000, 0.297852
4.355000, 0.297852
4.360000, 0.283203
4.365000, 0.263672
4.370000, 0.234375
4.375000, 0.185547
4.380000, 0.126953
4.385000, 0.068359
4.390000, -0.009766
4.395000, -0.092773
4.400000, -0.180664
4.405000, -0.273438
4.410000, -0.371094
4.415000, -0.468750
4.420000, -0.561523
4.425000, -0.629883
4.430000, -0.703125
4.435000, -0.761719
4.440000, -0.805664
4.445000, -0.839844
4.450000, -0.854492
4.455000, -0.864258
4.460000, -0.864258
4.465000, -0.844727
4.470000, -0.825195
4.475000, -0.795898
4.480000, -0.771484
4.485000, -0.712891
4.490000, -0.659180
4.495000, -0.615234
4.500000, -0.551758
4.505000, -0.493164
4.510000, -0.419922
4.515000, -0.356445
4.520000, -0.288086
4.525000, -0.219727
4.530000, -0.151367
4.535000, -0.087891
4.540000, -0.019531
4.545000, 0.039062
4.550000, 0.102539
4.555000, 0.161133
4.560000, 0.214844
4.565000, 0.268555
4.570000, 0.312500
4.575000, 0.356445
4.580000, 0.385742
4.585000, 0.429688
4.590000, 0.468750
4.595000, 0.488281
4.600000, 0.507812
4.605000, 0.527344
4.610000, 0.546875
4.615000, 0.551758
4.620000, 0.551758
4.625000, 0.556641
4.630000, 0.556641
4.635000, 0.546875
4.640000, 0.546875
4.645000, 0.532227
4.650000, 0.522461
4.655000, 0.507812
4.660000, 0.483398
4.665000, 0.468750
4.670000, 0.444336
4.675000, 0.419922
4.680000, 0.400391
4.685000, 0.375977
4.690000, 0.356445
4.695000, 0.332031
4.700000, 0.312500
4.705000, 0.292969
4.710000, 0.268555
4.715000, 0.244141
4.720000, 0.214844
4.725000, 0.185547
4.730000, 0.146484
4.735000, 0.107422
4.740000, 0.063477
4.745000, 0.009766
4.750000, -0.039062
4.755000, -0.097656
4.760000, -0.156250
4.765000, -0.219727
4.770000, -0.278320
4.775000, -0.332031
4.780000, -0.385742
4.785000, -0.424805
4.790000, -0.458984
4.795000, -0.483398
4.800000, -0.502930
4.805000, -0.507812
4.810000, -0.507812
4.815000, -0.502930
4.820000, -0.493164
4.825000, -0.468750
4.830000, -0.449219
4.835000, -0.419922
4.840000, -0.380859
4.845000, -0.351562
4.850000, -0.312500
4.855000, -0.268555
4.860000, -0.224609
4.865000, -0.180664
4.870000, -0.131836
4.875000, -0.087891
4.880000, -0.039062
4.885000, 0.000000
4.890000, 0.043945
4.895000, 0.078125
4.900000, 0.126953
4.905000, 0.170898
4.910000, 0.205078
4.915000, 0.244141
4.920000, 0.273438
4.925000, 0.307617
4.930000, 0.332031
4.935000, 0.351562
4.940000, 0.371094
4.945000, 0.385742
4.950000, 0.405273
4.955000, 0.419922
4.960000, 0.429688
4.965000, 0.434570
4.970000, 0.439453
4.975000, 0.439453
4.980000, 0.439453
4.985000, 0.434570
4.990000, 0.424805
4.995000, 0.424805
5.000000, 0.415039
5.005000, 0.400391
5.010000, 0.380859
5.015000, 0.351562
5.020000, 0.307617
5.025000, 0.268555
5.030000, 0.195312
5.035000, 0.126953
5.040000, 0.043945
5.045000, -0.053711
5.050000, -0.151367
5.055000, -0.258789
5.060000, -0.366211
5.065000, -0.473633
5.070000, -0.581055
5.075000, -0.678711
5.080000, -0.761719
5.085000, -0.830078
5.090000, -0.888672
5.095000, -0.927734
5.100000, -0.957031
5.105000, -0.976562
5.110000, -0.976562
5.115000, -0.976562
5.120000, -0.957031
5.125000, -0.927734
5.130000, -0.893555
5.135000, -0.849609
5.140000, -0.795898
5.145000, -0.737305
5.150000, -0.668945
5.155000, -0.610352
5.160000, -0.546875
5.165000, -0.463867
5.170000, -0.390625
5.175000, -0.317383
5.180000, -0.234375
5.185000, -0.166016
5.190000, -0.087891
5.195000, -0.029297
5.200000, 0.043945
5.205000, 0.117188
5.210000, 0.175781
5.215000, 0.234375
5.220000, 0.292969
5.225000, 0.341797
5.230000, 0.390625
5.235000, 0.424805
5.240000, 0.463867
5.245000, 0.498047
5.250000, 0.527344
5.255000, 0.551758
5.260000, 0.566406
5.265000, 0.585938
5.270000, 0.585938
5.275000, 0.590820
5.280000, 0.590820
5.285000, 0.590820
5.290000, 0.585938
5.295000, 0.571289
5.300000, 0.556641
5.305000, 0.546875
5.310000, 0.522461
5.315000, 0.507812
5.320000, 0.488281
5.325000, 0.468750
5.330000, 0.439453
5.335000, 0.419922
5.340000, 0.390625
5.345000, 0.366211
5.350000, 0.341797
5.355000, 0.312500
5.360000, 0.292969
5.365000, 0.268555
5.370000, 0.244141
5.375000, 0.224609
5.380000, 0.209961
5.385000, 0.185547
5.390000, 0.166016
5.395000, 0.146484
5.400000, 0.136719
5.405000, 0.102539
5.410000, 0.102539
5.415000, 0.073242
5.420000, 0.053711
5.425000, 0.034180
5.430000, 0.004883
5.435000, -0.019531
5.440000, -0.048828
5.445000, -0.078125
5.450000, -0.112305
5.455000, -0.141602
5.460000, -0.166016
5.465000, -0.190430
5.470000, -0.209961
5.475000, -0.214844
5.480000, -0.229492
5.485000, -0.234375
5.490000, -0.234375
5.495000, -0.229492
5.500000, -0.214844
5.505000, -0.209961
5.510000, -0.190430
5.515000, -0.175781
5.520000, -0.151367
5.525000, -0.131836
5.530000, -0.102539
5.535000, -0.078125
5.540000, -0.048828
5.545000, -0.019531
5.550000, 0.000000
5.555000, 0.034180
5.560000, 0.063477
5.565000, 0.092773
5.570000, 0.117188
5.575000, 0.141602
5.580000, 0.170898
5.585000, 0.195312
5.590000, 0.214844
5.595000, 0.234375
5.600000, 0.263672
5.605000, 0.273438
5.610000, 0.283203
5.615000, 0.302734
5.620000, 0.312500
5.625000, 0.332031
5.630000, 0.327148
5.635000, 0.327148
5.640000, 0.317383
5.645000, 0.297852
5.650000, 0.268555
5.655000, 0.219727
5.660000, 0.166016
5.665000, 0.097656
5.670000, 0.019531
5.675000, -0.063477
5.680000, -0.161133
5.685000, -0.258789
5.690000, -0.366211
5.695000, -0.468750
5.700000, -0.566406
5.705000, -0.654297
5.710000, -0.732422
5.715000, -0.800781
5.720000, -0.854492
5.725000, -0.893555
5.730000, -0.913086
5.735000, -0.927734
5.740000, -0.932617
5.745000, -0.922852
5.750000, -0.903320
5.755000, -0.883789
5.760000, -0.839844
5.765000, -0.795898
5.770000, -0.742188
5.775000, -0.688477
5.780000, -0.620117
5.785000, -0.571289
5.790000, -0.498047
5.795000, -0.429688
5.800000, -0.356445
5.805000, -0.283203
5.810000, -0.209961
5.815000, -0.146484
5.820000, -0.063477
5.825000, -0.009766
5.830000, 0.068359
5.835000, 0.131836
5.840000, 0.190430
5.845000, 0.244141
5.850000, 0.302734
5.855000, 0.346680
5.860000, 0.390625
5.865000, 0.429688
5.870000, 0.458984
5.875000, 0.493164
5.880000, 0.522461
5.885000, 0.541992
5.890000, 0.551758
5.895000, 0.566406
5.900000, 0.566406
5.905000, 0.581055
5.910000, 0.581055
5.915000, 0.581055
5.920000, 0.566406
5.925000, 0.556641
5.930000, 0.546875
5.935000, 0.527344
5.940000, 0.507812
5.945000, 0.493164
5.950000, 0.468750
5.955000, 0.449219
5.960000, 0.429688
5.965000, 0.400391
5.970000, 0.375977
5.975000, 0.351562
5.980000, 0.327148
5.985000, 0.307617
5.990000, 0.283203
5.995000, 0.263672
6.000000, 0.234375
6.005000, 0.219727
6.010000, 0.195312
6.015000, 0.175781
6.020000, 0.146484
6.025000, 0.117188
6.030000, 0.097656
6.035000, 0.063477
6.040000, 0.029297
6.045000, -0.009766
6.050000, -0.048828
6.055000, -0.092773
6.060000, -0.136719
6.065000, -0.180664
6.070000, -0.224609
6.075000, -0.263672
6.080000, -0.292969
6.085000, -0.312500
6.090000, -0.336914
6.095000, -0.356445
6.100000, -0.356445
6.105000, -0.356445
6.110000, -0.351562
6.115000, -0.346680
6.120000, -0.322266
6.125000, -0.312500
6.130000, -0.288086
6.135000, -0.253906
6.140000, -0.229492
6.145000, -0.195312
6.150000, -0.161133
6.155000, -0.126953
6.160000, -0.097656
6.165000, -0.053711
6.170000, -0.019531
6.175000, 0.014648
6.180000, 0.048828
6.185000, 0.083008
6.190000, 0.117188
6.195000, 0.151367
6.200000, 0.185547
6.205000, 0.209961
6.210000, 0.239258
6.215000, 0.268555
6.220000, 0.288086
6.225000, 0.312500
6.230000, 0.327148
6.235000, 0.341797
6.240000, 0.356445
6.245000, 0.366211
6.250000, 0.375977
6.255000, 0.380859
6.260000, 0.390625
6.265000, 0.390625
6.270000, 0.380859
6.275000, 0.380859
6.280000, 0.361328
6.285000, 0.341797
6.290000, 0.312500
6.295000, 0.258789
6.300000, 0.195312
6.305000, 0.126953
6.310000, 0.043945
6.315000, -0.048828
6.320000, -0.156250
6.325000, -0.263672
6.330000, -0.375977
6.335000, -0.493164
6.340000, -0.600586
6.345000, -0.703125
6.350000, -0.781250
6.355000, -0.859375
6.360000, -0.917969
6.365000, -0.961914
6.370000, -0.991211
6.375000, -1.010742
6.380000, -1.015625
6.385000, -1.015625
6.390000, -0.991211
6.395000, -0.966797
6.400000, -0.927734
6.405000, -0.878906
6.410000, -0.825195
6.415000, -0.771484
6.420000, -0.703125
6.425000, -0.634766
6.430000, -0.576172
6.435000, -0.493164
6.440000, -0.419922
6.445000, -0.336914
6.450000, -0.258789
6.455000, -0.190430
6.460000, -0.107422
6.465000, -0.034180
6.470000, 0.034180
6.475000, 0.107422
6.480000, 0.170898
6.485000, 0.234375
6.490000, 0.292969
6.495000, 0.341797
6.500000, 0.390625
6.505000, 0.429688
6.510000, 0.468750
6.515000, 0.502930
6.520000, 0.537109
6.525000, 0.556641
6.530000, 0.576172
6.535000, 0.595703
6.540000, 0.600586
6.545000, 0.605469
6.550000, 0.605469
6.555000, 0.605469
6.560000, 0.595703
6.565000, 0.585938
6.570000, 0.571289
6.575000, 0.556641
6.580000, 0.541992
6.585000, 0.517578
6.590000, 0.498047
6.595000, 0.468750
6.600000, 0.449219
6.605000, 0.424805
6.610000, 0.395508
6.615000, 0.375977
6.620000, 0.351562
6.625000, 0.317383
6.630000, 0.297852
6.635000, 0.273438
6.640000, 0.249023
6.645000, 0.224609
6.650000, 0.205078
6.655000, 0.185547
6.660000, 0.166016
6.665000, 0.156250
6.670000, 0.136719
6.675000, 0.126953
6.680000, 0.117188
6.685000, 0.097656
6.690000, 0.083008
6.695000, 0.073242
6.700000, 0.058594
6.705000, 0.039062
6.710000, 0.024414
6.715000, 0.004883
6.720000, -0.014648
6.725000, -0.039062
6.730000, -0.058594
6.735000, -0.087891
6.740000, -0.097656
6.745000, -0.117188
6.750000, -0.136719
6.755000, -0.146484
6.760000, -0.151367
6.765000, -0.166016
6.770000, -0.161133
6.775000, -0.156250
6.780000, -0.156250
6.785000, -0.146484
6.790000, -0.136719
6.795000, -0.122070
6.800000, -0.107422
6.805000, -0.083008
6.810000, -0.068359
6.815000, -0.043945
6.820000, -0.019531
6.825000, 0.000000
6.830000, 0.019531
6.835000, 0.048828
6.840000, 0.073242
6.845000, 0.092773
6.850000, 0.117188
6.855000, 0.141602
6.860000, 0.161133
6.865000, 0.180664
6.870000, 0.209961
6.875000, 0.219727
6.880000, 0.239258
6.885000, 0.253906
6.890000, 0.268555
6.895000, 0.273438
6.900000, 0.273438
6.905000, 0.273438
6.910000, 0.253906
6.915000, 0.229492
6.920000, 0.190430
6.925000, 0.146484
6.930000, 0.087891
6.935000, 0.019531
6.940000, -0.058594
6.945000, -0.136719
6.950000, -0.234375
6.955000, -0.317383
6.960000, -0.410156
6.965000, -0.498047
6.970000, -0.585938
6.975000, -0.644531
6.980000, -0.703125
6.985000, -0.751953
6.990000, -0.781250
6.995000, -0.805664
7.000000, -0.815430
7.005000, -0.820312
7.010000, -0.815430
7.015000, -0.791016
7.020000, -0.766602
7.025000, -0.732422
7.030000, -0.688477
7.035000, -0.644531
7.040000, -0.600586
7.045000, -0.537109
7.050000, -0.483398
7.055000, -0.419922
7.060000, -0.351562
7.065000, -0.288086
7.070000, -0.224609
7.075000, -0.156250
7.080000, -0.092773
7.085000, -0.034180
7.090000, 0.034180
7.095000, 0.092773
7.100000, 0.146484
7.105000, 0.200195
7.110000, 0.249023
7.115000, 0.292969
7.120000, 0.341797
7.125000, 0.380859
7.130000, 0.410156
7.135000, 0.444336
7.140000, 0.468750
7.145000, 0.493164
7.150000, 0.507812
7.155000, 0.522461
7.160000, 0.537109
7.165000, 0.546875
7.170000, 0.546875
7.175000, 0.541992
7.180000, 0.537109
7.185000, 0.527344
7.190000, 0.517578
7.195000, 0.507812
7.200000, 0.498047
7.205000, 0.478516
7.210000, 0.463867
7.215000, 0.439453
7.220000, 0.429688
7.225000, 0.400391
7.230000, 0.375977
7.235000, 0.356445
7.240000, 0.332031
7.245000, 0.312500
7.250000, 0.292969
7.255000, 0.263672
7.260000, 0.229492
7.265000, 0.195312
7.270000, 0.156250
7.275000, 0.112305
7.280000, 0.058594
7.285000, 0.000000
7.290000, -0.063477
7.295000, -0.131836
7.300000, -0.205078
7.305000, -0.278320
7.310000, -0.341797
7.315000, -0.400391
7.320000, -0.458984
7.325000, -0.502930
7.330000, -0.541992
7.335000, -0.566406
7.340000, -0.585938
7.345000, -0.590820
7.350000, -0.600586
7.355000, -0.590820
7.360000, -0.576172
7.365000, -0.551758
7.370000, -0.527344
7.375000, -0.493164
7.380000, -0.458984
7.385000, -0.415039
7.390000, -0.371094
7.395000, -0.327148
7.400000, -0.273438
7.405000, -0.229492
7.410000, -0.175781
7.415000, -0.122070
7.420000, -0.068359
7.425000, -0.024414
7.430000, 0.024414
7.435000, 0.073242
7.440000, 0.117188
7.445000, 0.166016
7.450000, 0.205078
7.455000, 0.244141
7.460000, 0.283203
7.465000, 0.312500
7.470000, 0.341797
7.475000, 0.371094
7.480000, 0.390625
7.485000, 0.415039
7.490000, 0.429688
7.495000, 0.444336
7.500000, 0.458984
7.505000, 0.463867
7.510000, 0.468750
7.515000, 0.468750
7.520000, 0.463867
7.525000, 0.468750
7.530000, 0.458984
7.535000, 0.449219
7.540000, 0.434570
7.545000, 0.424805
7.550000, 0.419922
7.555000, 0.400391
7.560000, 0.380859
7.565000, 0.351562
7.570000, 0.322266
7.575000, 0.278320
7.580000, 0.224609
7.585000, 0.161133
7.590000, 0.087891
7.595000, 0.004883
7.600000, -0.083008
7.605000, -0.180664
7.610000, -0.288086
7.615000, -0.390625
7.620000, -0.493164
7.625000, -0.585938
7.630000, -0.664062
7.635000, -0.737305
7.640000, -0.800781
7.645000, -0.844727
7.650000, -0.878906
7.655000, -0.903320
7.660000, -0.908203
7.665000, -0.908203
7.670000, -0.893555
7.675000, -0.878906
7.680000, -0.844727
7.685000, -0.805664
7.690000, -0.761719
7.695000, -0.703125
7.700000, -0.649414
7.705000, -0.590820
7.710000, -0.527344
7.715000, -0.458984
7.720000, -0.390625
7.725000, -0.317383
7.730000, -0.244141
7.735000, -0.180664
7.740000, -0.102539
7.745000, -0.039062
7.750000, 0.029297
7.755000, 0.087891
7.760000, 0.156250
7.765000, 0.214844
7.770000, 0.273438
7.775000, 0.312500
7.780000, 0.356445
7.785000, 0.390625
7.790000, 0.439453
7.795000, 0.473633
7.800000, 0.498047
7.805000, 0.527344
7.810000, 0.541992
7.815000, 0.556641
7.820000, 0.566406
7.825000, 0.571289
7.830000, 0.576172
7.835000, 0.566406
7.840000, 0.566406
7.845000, 0.556641
7.850000, 0.546875
7.855000, 0.532227
7.860000, 0.517578
7.865000, 0.498047
7.870000, 0.478516
7.875000, 0.463867
7.880000, 0.434570
7.885000, 0.415039
7.890000, 0.390625
7.895000, 0.371094
7.900000, 0.341797
7.905000, 0.317383
7.910000, 0.297852
7.915000, 0.273438
7.920000, 0.253906
7.925000, 0.219727
7.930000, 0.209961
7.935000, 0.185547
7.940000, 0.161133
7.945000, 0.131836
7.950000, 0.097656
7.955000, 0.063477
7.960000, 0.029297
7.965000, -0.014648
7.970000, -0.058594
7.975000, -0.107422
7.980000, -0.156250
7.985000, -0.200195
7.990000, -0.249023
7.995000, -0.288086
8.000000, -0.322266
8.005000, -0.351562
8.010000, -0.371094
8.015000, -0.385742
8.020000, -0.390625
8.025000, -0.390625
8.030000, -0.385742
8.035000, -0.371094
8.040000, -0.361328
8.045000, -0.336914
8.050000, -0.312500
8.055000, -0.288086
8.060000, -0.258789
8.065000, -0.224609
8.070000, -0.190430
8.075000, -0.156250
8.080000, -0.112305
8.085000, -0.078125
8.090000, -0.043945
8.095000, -0.004883
8.100000, 0.039062
8.105000, 0.073242
8.110000, 0.107422
8.115000, 0.146484
8.120000, 0.180664
8.125000, 0.219727
8.130000, 0.239258
8.135000, 0.263672
8.140000, 0.292969
8.145000, 0.307617
8.150000, 0.332031
8.155000, 0.351562
8.160000, 0.366211
8.165000, 0.375977
8.170000, 0.385742
8.175000, 0.385742
8.180000, 0.400391
8.185000, 0.395508
8.190000, 0.395508
8.195000, 0.395508
8.200000, 0.390625
8.205000, 0.380859
8.210000, 0.351562
8.215000, 0.322266
8.220000, 0.273438
8.225000, 0.219727
8.230000, 0.151367
8.235000, 0.068359
8.240000, -0.024414
8.245000, -0.126953
8.250000, -0.234375
8.255000, -0.351562
8.260000, -0.463867
8.265000, -0.571289
8.270000, -0.668945
8.275000, -0.766602
8.280000, -0.844727
8.285000, -0.908203
8.290000, -0.957031
8.295000, -0.991211
8.300000, -1.010742
8.305000, -1.025391
8.310000, -1.020508
8.315000, -1.000977
8.320000, -0.971680
8.325000, -0.937500
8.330000, -0.898438
8.335000, -0.849609
8.340000, -0.786133
8.345000, -0.727539
8.350000, -0.659180
8.355000, -0.590820
8.360000, -0.512695
8.365000, -0.439453
8.370000, -0.356445
8.375000, -0.283203
8.380000, -0.205078
8.385000, -0.126953
8.390000, -0.053711
8.395000, 0.009766
8.400000, 0.087891
8.405000, 0.156250
8.410000, 0.214844
8.415000, 0.273438
8.420000, 0.327148
8.425000, 0.380859
8.430000, 0.424805
8.435000, 0.468750
8.440000, 0.493164
8.445000, 0.517578
8.450000, 0.556641
8.455000, 0.576172
8.460000, 0.585938
8.465000, 0.600586
8.470000, 0.600586
8.475000, 0.605469
8.480000, 0.605469
8.485000, 0.600586
8.490000, 0.585938
8.495000, 0.576172
8.500000, 0.561523
8.505000, 0.546875
8.510000, 0.527344
8.515000, 0.507812
8.520000, 0.478516
8.525000, 0.458984
8.530000, 0.429688
8.535000, 0.410156
8.540000, 0.380859
8.545000, 0.351562
8.550000, 0.327148
8.555000, 0.302734
8.560000, 0.283203
8.565000, 0.258789
8.570000, 0.234375
8.575000, 0.214844
8.580000, 0.190430
8.585000, 0.175781
8.590000, 0.156250
8.595000, 0.146484
8.600000, 0.126953
8.605000, 0.117188
8.610000, 0.097656
8.615000, 0.087891
8.620000, 0.078125
8.625000, 0.063477
8.630000, 0.048828
8.635000, 0.034180
8.640000, 0.014648
8.645000, 0.000000
8.650000, -0.019531
8.655000, -0.039062
8.660000, -0.058594
8.665000, -0.078125
8.670000, -0.102539
8.675000, -0.112305
8.680000, -0.131836
8.685000, -0.146484
8.690000, -0.156250
8.695000, -0.156250
8.700000, -0.156250
8.705000, -0.156250
8.710000, -0.146484
8.715000, -0.136719
8.720000, -0.126953
8.725000, -0.112305
8.730000, -0.092773
8.735000, -0.078125
8.740000, -0.053711
8.745000, -0.029297
8.750000, -0.004883
8.755000, 0.009766
8.760000, 0.039062
8.765000, 0.063477
8.770000, 0.078125
8.775000, 0.107422
8.780000, 0.126953
8.785000, 0.151367
8.790000, 0.175781
8.795000, 0.190430
8.800000, 0.214844
8.805000, 0.234375
8.810000, 0.239258
8.815000, 0.258789
8.820000, 0.273438
8.825000, 0.273438
8.830000, 0.268555
8.835000, 0.258789
8.840000, 0.234375
8.845000, 0.195312
8.850000, 0.151367
8.855000, 0.102539
8.860000, 0.034180
8.865000, -0.039062
8.870000, -0.117188
8.875000, -0.200195
8.880000, -0.292969
8.885000, -0.390625
8.890000, -0.468750
8.895000, -0.551758
8.900000, -0.620117
8.905000, -0.673828
8.910000, -0.727539
8.915000, -0.761719
8.920000, -0.786133
8.925000, -0.805664
8.930000, -0.805664
8.935000, -0.800781
8.940000, -0.786133
8.945000, -0.756836
8.950000, -0.727539
8.955000, -0.688477
8.960000, -0.639648
8.965000, -0.605469
8.970000, -0.541992
8.975000, -0.483398
8.980000, -0.424805
8.985000, -0.361328
8.990000, -0.297852
8.995000, -0.239258
9.000000, -0.166016
9.005000, -0.102539
9.010000, -0.039062
9.015000, 0.019531
9.020000, 0.078125
9.025000, 0.131836
9.030000, 0.190430
9.035000, 0.244141
9.040000, 0.288086
9.045000, 0.327148
9.050000, 0.371094
9.055000, 0.400391
9.060000, 0.439453
9.065000, 0.458984
9.070000, 0.488281
9.075000, 0.502930
9.080000, 0.512695
9.085000, 0.527344
9.090000, 0.532227
9.095000, 0.541992
9.100000, 0.541992
9.105000, 0.537109
9.110000, 0.527344
9.115000, 0.522461
9.120000, 0.507812
9.125000, 0.498047
9.130000, 0.478516
9.135000, 0.463867
9.140000, 0.439453
9.145000, 0.424805
9.150000, 0.400391
9.155000, 0.380859
9.160000, 0.361328
9.165000, 0.336914
9.170000, 0.312500
9.175000, 0.292969
9.180000, 0.268555
9.185000, 0.234375
9.190000, 0.195312
9.195000, 0.151367
9.200000, 0.097656
9.205000, 0.039062
9.210000, -0.024414
9.215000, -0.083008
9.220000, -0.156250
9.225000, -0.229492
9.230000, -0.302734
9.235000, -0.371094
9.240000, -0.434570
9.245000, -0.493164
9.250000, -0.537109
9.255000, -0.576172
9.260000, -0.595703
9.265000, -0.615234
9.270000, -0.620117
9.275000, -0.620117
9.280000, -0.615234
9.285000, -0.595703
9.290000, -0.571289
9.295000, -0.546875
9.300000, -0.507812
9.305000, -0.473633
9.310000, -0.429688
9.315000, -0.380859
9.320000, -0.332031
9.325000, -0.283203
9.330000, -0.229492
9.335000, -0.175781
9.340000, -0.126953
9.345000, -0.073242
9.350000, -0.019531
9.355000, 0.029297
9.360000, 0.078125
9.365000, 0.122070
9.370000, 0.170898
9.375000, 0.209961
9.380000, 0.253906
9.385000, 0.292969
9.390000, 0.322266
9.395000, 0.351562
9.400000, 0.375977
9.405000, 0.400391
9.410000, 0.424805
9.415000, 0.439453
9.420000, 0.458984
9.425000, 0.468750
9.430000, 0.468750
9.435000, 0.473633
9.440000, 0.473633
9.445000, 0.473633
9.450000, 0.468750
9.455000, 0.468750
9.460000, 0.458984
9.465000, 0.449219
9.470000, 0.434570
9.475000, 0.419922
9.480000, 0.405273
9.485000, 0.385742
9.490000, 0.366211
9.495000, 0.336914
9.500000, 0.297852
9.505000, 0.253906
9.510000, 0.195312
9.515000, 0.131836
9.520000, 0.058594
9.525000, -0.029297
9.530000, -0.122070
9.535000, -0.219727
9.540000, -0.312500
9.545000, -0.415039
9.550000, -0.512695
9.555000, -0.610352
9.560000, -0.678711
9.565000, -0.737305
9.570000, -0.795898
9.575000, -0.834961
9.580000, -0.859375
9.585000, -0.874023
9.590000, -0.883789
9.595000, -0.874023
9.600000, -0.859375
9.605000, -0.830078
9.610000, -0.800781
9.615000, -0.761719
9.620000, -0.708008
9.625000, -0.664062
9.630000, -0.610352
9.635000, -0.546875
9.640000, -0.473633
9.645000, -0.400391
9.650000, -0.346680
9.655000, -0.273438
9.660000, -0.200195
9.665000, -0.131836
9.670000, -0.063477
9.675000, 0.000000
9.680000, 0.063477
9.685000, 0.122070
9.690000, 0.180664
9.695000, 0.234375
9.700000, 0.288086
9.705000, 0.332031
9.710000, 0.371094
9.715000, 0.419922
9.720000, 0.449219
9.725000, 0.478516
9.730000, 0.502930
9.735000, 0.527344
9.740000, 0.537109
9.745000, 0.546875
9.750000, 0.556641
9.755000, 0.561523
9.760000, 0.561523
9.765000, 0.556641
9.770000, 0.551758
9.775000, 0.532227
9.780000, 0.522461
9.785000, 0.512695
9.790000, 0.498047
9.795000, 0.488281
9.800000, 0.463867
9.805000, 0.439453
9.810000, 0.419922
9.815000, 0.395508
9.820000, 0.375977
9.825000, 0.351562
9.830000, 0.327148
9.835000, 0.307617
9.840000, 0.283203
9.845000, 0.258789
9.850000, 0.234375
9.855000, 0.214844
9.860000, 0.185547
9.865000, 0.161133
9.870000, 0.126953
9.875000, 0.083008
9.880000, 0.043945
9.885000, 0.000000
9.890000, -0.053711
9.895000, -0.107422
9.900000, -0.161133
9.905000, -0.214844
9.910000, -0.268555
9.915000, -0.312500
9.920000, -0.356445
9.925000, -0.395508
9.930000, -0.415039
9.935000, -0.434570
9.940000, -0.449219
9.945000, -0.454102
9.950000, -0.454102
9.955000, -0.439453
9.960000, -0.429688
9.965000, -0.410156
9.970000, -0.380859
9.975000, -0.351562
9.980000, -0.322266
9.985000, -0.288086
9.990000, -0.253906
9.995000, -0.219727
