0.000000, 1.166992
0.005000, 1.127930
0.010000, 1.088867
0.015000, 1.040039
0.020000, 0.991211
0.025000, 0.932617
0.030000, 0.864258
0.035000, 0.800781
0.040000, 0.732422
0.045000, 0.664062
0.050000, 0.581055
0.055000, 0.507812
0.060000, 0.429688
0.065000, 0.356445
0.070000, 0.283203
0.075000, 0.209961
0.080000, 0.136719
0.085000, 0.058594
0.090000, -0.009766
0.095000, -0.087891
0.100000, -0.161133
0.105000, -0.224609
0.110000, -0.292969
0.115000, -0.351562
0.120000, -0.405273
0.125000, -0.444336
0.130000, -0.473633
0.135000, -0.502930
0.140000, -0.527344
0.145000, -0.541992
0.150000, -0.546875
0.155000, -0.546875
0.160000, -0.532227
0.165000, -0.517578
0.170000, -0.493164
0.175000, -0.463867
0.180000, -0.429688
0.185000, -0.395508
0.190000, -0.351562
0.195000, -0.307617
0.200000, -0.253906
0.205000, -0.200195
0.210000, -0.141602
0.215000, -0.087891
0.220000, -0.029297
0.225000, 0.024414
0.230000, 0.083008
0.235000, 0.141602
0.240000, 0.195312
0.245000, 0.249023
0.250000, 0.302734
0.255000, 0.351562
0.260000, 0.390625
0.265000, 0.439453
0.270000, 0.473633
0.275000, 0.502930
0.280000, 0.541992
0.285000, 0.561523
0.290000, 0.585938
0.295000, 0.605469
0.300000, 0.620117
0.305000, 0.629883
0.310000, 0.625000
0.315000, 0.629883
0.320000, 0.625000
0.325000, 0.620117
0.330000, 0.605469
0.335000, 0.581055
0.340000, 0.541992
0.345000, 0.483398
0.350000, 0.400391
0.355000, 0.317383
0.360000, 0.205078
0.365000, 0.073242
0.370000, -0.073242
0.375000, -0.234375
0.380000, -0.410156
0.385000, -0.585938
0.390000, -0.766602
0.395000, -0.937500
0.400000, -1.108398
0.405000, -1.254883
0.410000, -1.386719
0.415000, -1.499023
0.420000, -1.596680
0.425000, -1.665039
0.430000, -1.723633
0.435000, -1.752930
0.440000, -1.777344
0.445000, -1.772461
0.450000, -1.752930
0.455000, -1.718750
0.460000, -1.665039
0.465000, -1.596680
0.470000, -1.513672
0.475000, -1.416016
0.480000, -1.303711
0.485000, -1.191406
0.490000, -1.059570
0.495000, -0.932617
0.500000, -0.795898
0.505000, -0.659180
0.510000, -0.512695
0.515000, -0.366211
0.520000, -0.219727
0.525000, -0.073242
0.530000, 0.068359
0.535000, 0.209961
0.540000, 0.346680
0.545000, 0.473633
0.550000, 0.600586
0.555000, 0.712891
0.560000, 0.815430
0.565000, 0.913086
0.570000, 1.000977
0.575000, 1.079102
0.580000, 1.137695
0.585000, 1.191406
0.590000, 1.245117
0.595000, 1.269531
0.600000, 1.293945
0.605000, 1.303711
0.610000, 1.303711
0.615000, 1.298828
0.620000, 1.279297
0.625000, 1.250000
0.630000, 1.215820
0.635000, 1.171875
0.640000, 1.123047
0.645000, 1.064453
0.650000, 0.991211
0.655000, 0.932617
0.660000, 0.854492
0.665000, 0.776367
0.670000, 0.688477
0.675000, 0.615234
0.680000, 0.532227
0.685000, 0.444336
0.690000, 0.361328
0.695000, 0.278320
0.700000, 0.209961
0.705000, 0.122070
0.710000, 0.053711
0.715000, -0.014648
0.720000, -0.083008
0.725000, -0.146484
0.730000, -0.195312
0.735000, -0.239258
0.740000, -0.283203
0.745000, -0.322266
0.750000, -0.351562
0.755000, -0.375977
0.760000, -0.385742
0.765000, -0.405273
0.770000, -0.410156
0.775000, -0.410156
0.780000, -0.400391
0.785000, -0.390625
0.790000, -0.375977
0.795000, -0.356445
0.800000, -0.327148
0.805000, -0.297852
0.810000, -0.258789
0.815000, -0.214844
0.820000, -0.175781
0.825000, -0.136719
0.830000, -0.087891
0.835000, -0.043945
0.840000, 0.004883
0.845000, 0.043945
0.850000, 0.097656
0.855000, 0.141602
0.860000, 0.195312
0.865000, 0.234375
0.870000, 0.278320
0.875000, 0.317383
0.880000, 0.351562
0.885000, 0.380859
0.890000, 0.424805
0.895000, 0.454102
0.900000, 0.478516
0.905000, 0.493164
0.910000, 0.512695
0.915000, 0.537109
0.920000, 0.537109
0.925000, 0.546875
0.930000, 0.551758
0.935000, 0.556641
0.940000, 0.551758
0.945000, 0.541992
0.950000, 0.532227
0.955000, 0.507812
0.960000, 0.468750
0.965000, 0.415039
0.970000, 0.346680
0.975000, 0.263672
0.980000, 0.156250
0.985000, 0.029297
0.990000, -0.102539
0.995000, -0.253906
1.000000, -0.410156
1.005000, -0.571289
1.010000, -0.732422
1.015000, -0.883789
1.020000, -1.035156
1.025000, -1.162109
1.030000, -1.274414
1.035000, -1.362305
1.040000, -1.445312
1.045000, -1.503906
1.050000, -1.542969
1.055000, -1.577148
1.060000, -1.582031
1.065000, -1.572266
1.070000, -1.552734
1.075000, -1.508789
1.080000, -1.459961
1.085000, -1.386719
1.090000, -1.303711
1.095000, -1.215820
1.100000, -1.113281
1.105000, -1.000977
1.110000, -0.888672
1.115000, -0.771484
1.120000, -0.639648
1.125000, -0.512695
1.130000, -0.380859
1.135000, -0.244141
1.140000, -0.117188
1.145000, 0.014648
1.150000, 0.146484
1.155000, 0.268555
1.160000, 0.390625
1.165000, 0.507812
1.170000, 0.620117
1.175000, 0.712891
1.180000, 0.805664
1.185000, 0.883789
1.190000, 0.966797
1.195000, 1.015625
1.200000, 1.074219
1.205000, 1.123047
1.210000, 1.152344
1.215000, 1.176758
1.220000, 1.201172
1.225000, 1.206055
1.230000, 1.206055
1.235000, 1.186523
1.240000, 1.166992
1.245000, 1.142578
1.250000, 1.098633
1.255000, 1.054688
1.260000, 1.005859
1.265000, 0.952148
1.270000, 0.883789
1.275000, 0.820312
1.280000, 0.751953
1.285000, 0.678711
1.290000, 0.600586
1.295000, 0.527344
1.300000, 0.458984
1.305000, 0.380859
1.310000, 0.307617
1.315000, 0.234375
1.320000, 0.156250
1.325000, 0.078125
1.330000, 0.004883
1.335000, -0.063477
1.340000, -0.131836
1.345000, -0.205078
1.350000, -0.273438
1.355000, -0.327148
1.360000, -0.385742
1.365000, -0.424805
1.370000, -0.463867
1.375000, -0.488281
1.380000, -0.517578
1.385000, -0.527344
1.390000, -0.537109
1.395000, -0.537109
1.400000, -0.527344
1.405000, -0.512695
1.410000, -0.488281
1.415000, -0.473633
1.420000, -0.434570
1.425000, -0.395508
1.430000, -0.356445
1.435000, -0.307617
1.440000, -0.263672
1.445000, -0.209961
1.450000, -0.151367
1.455000, -0.112305
1.460000, -0.043945
1.465000, 0.009766
1.470000, 0.068359
1.475000, 0.131836
1.480000, 0.185547
1.485000, 0.234375
1.490000, 0.292969
1.495000, 0.336914
1.500000, 0.380859
1.505000, 0.424805
1.510000, 0.463867
1.515000, 0.498047
1.520000, 0.527344
1.525000, 0.556641
1.530000, 0.576172
1.535000, 0.595703
1.540000, 0.610352
1.545000, 0.625000
1.550000, 0.625000
1.555000, 0.625000
1.560000, 0.620117
1.565000, 0.615234
1.570000, 0.595703
1.575000, 0.581055
1.580000, 0.541992
1.585000, 0.488281
1.590000, 0.415039
1.595000, 0.327148
1.600000, 0.219727
1.605000, 0.092773
1.610000, -0.048828
1.615000, -0.214844
1.620000, -0.385742
1.625000, -0.561523
1.630000, -0.742188
1.635000, -0.927734
1.640000, -1.088867
1.645000, -1.240234
1.650000, -1.367188
1.655000, -1.484375
1.660000, -1.582031
1.665000, -1.655273
1.670000, -1.713867
1.675000, -1.752930
1.680000, -1.772461
1.685000, -1.772461
1.690000, -1.752930
1.695000, -1.718750
1.700000, -1.674805
1.705000, -1.601562
1.710000, -1.523438
1.715000, -1.425781
1.720000, -1.318359
1.725000, -1.206055
1.730000, -1.079102
1.735000, -0.947266
1.740000, -0.810547
1.745000, -0.668945
1.750000, -0.532227
1.755000, -0.380859
1.760000, -0.239258
1.765000, -0.092773
1.770000, 0.053711
1.775000, 0.190430
1.780000, 0.327148
1.785000, 0.458984
1.790000, 0.581055
1.795000, 0.693359
1.800000, 0.800781
1.805000, 0.898438
1.810000, 0.986328
1.815000, 1.064453
1.820000, 1.127930
1.825000, 1.186523
1.830000, 1.235352
1.835000, 1.259766
1.840000, 1.284180
1.845000, 1.293945
1.850000, 1.303711
1.855000, 1.293945
1.860000, 1.279297
1.865000, 1.250000
1.870000, 1.225586
1.875000, 1.176758
1.880000, 1.127930
1.885000, 1.069336
1.890000, 1.005859
1.895000, 0.932617
1.900000, 0.854492
1.905000, 0.781250
1.910000, 0.703125
1.915000, 0.625000
1.920000, 0.541992
1.925000, 0.454102
1.930000, 0.371094
1.935000, 0.292969
1.940000, 0.214844
1.945000, 0.136719
1.950000, 0.063477
1.955000, -0.004883
1.960000, -0.068359
1.965000, -0.141602
1.970000, -0.185547
1.975000, -0.239258
1.980000, -0.273438
1.985000, -0.312500
1.990000, -0.351562
1.995000, -0.375977
2.000000, -0.390625
2.005000, -0.400391
2.010000, -0.410156
2.015000, -0.410156
2.020000, -0.400391
2.025000, -0.390625
2.030000, -0.375977
2.035000, -0.351562
2.040000, -0.332031
2.045000, -0.297852
2.050000, -0.263672
2.055000, -0.224609
2.060000, -0.180664
2.065000, -0.141602
2.070000, -0.092773
2.075000, -0.043945
2.080000, 0.000000
2.085000, 0.048828
2.090000, 0.087891
2.095000, 0.141602
2.100000, 0.185547
2.105000, 0.229492
2.110000, 0.273438
2.115000, 0.312500
2.120000, 0.346680
2.125000, 0.385742
2.130000, 0.419922
2.135000, 0.449219
2.140000, 0.463867
2.145000, 0.493164
2.150000, 0.517578
2.155000, 0.532227
2.160000, 0.541992
2.165000, 0.546875
2.170000, 0.556641
2.175000, 0.556641
2.180000, 0.551758
2.185000, 0.541992
2.190000, 0.532227
2.195000, 0.507812
2.200000, 0.468750
2.205000, 0.419922
2.210000, 0.341797
2.215000, 0.263672
2.220000, 0.151367
2.225000, 0.034180
2.230000, -0.102539
2.235000, -0.249023
2.240000, -0.405273
2.245000, -0.571289
2.250000, -0.727539
2.255000, -0.883789
2.260000, -1.030273
2.265000, -1.162109
2.270000, -1.269531
2.275000, -1.367188
2.280000, -1.445312
2.285000, -1.503906
2.290000, -1.552734
2.295000, -1.577148
2.300000, -1.582031
2.305000, -1.582031
2.310000, -1.557617
2.315000, -1.518555
2.320000, -1.464844
2.325000, -1.396484
2.330000, -1.313477
2.335000, -1.225586
2.340000, -1.123047
2.345000, -1.010742
2.350000, -0.898438
2.355000, -0.776367
2.360000, -0.644531
2.365000, -0.517578
2.370000, -0.385742
2.375000, -0.253906
2.380000, -0.117188
2.385000, 0.009766
2.390000, 0.141602
2.395000, 0.268555
2.400000, 0.390625
2.405000, 0.498047
2.410000, 0.605469
2.415000, 0.708008
2.420000, 0.800781
2.425000, 0.888672
2.430000, 0.957031
2.435000, 1.020508
2.440000, 1.079102
2.445000, 1.123047
2.450000, 1.166992
2.455000, 1.176758
2.460000, 1.201172
2.465000, 1.206055
2.470000, 1.206055
2.475000, 1.191406
2.480000, 1.166992
2.485000, 1.137695
2.490000, 1.103516
2.495000, 1.054688
2.500000, 1.005859
2.505000, 0.952148
2.510000, 0.888672
2.515000, 0.820312
2.520000, 0.751953
2.525000, 0.683594
2.530000, 0.610352
2.535000, 0.532227
2.540000, 0.458984
2.545000, 0.380859
2.550000, 0.307617
2.555000, 0.234375
2.560000, 0.156250
2.565000, 0.083008
2.570000, 0.009766
2.575000, -0.058594
2.580000, -0.126953
2.585000, -0.195312
2.590000, -0.263672
2.595000, -0.317383
2.600000, -0.375977
2.605000, -0.419922
2.610000, -0.454102
2.615000, -0.483398
2.620000, -0.502930
2.625000, -0.517578
2.630000, -0.527344
2.635000, -0.527344
2.640000, -0.517578
2.645000, -0.502930
2.650000, -0.483398
2.655000, -0.458984
2.660000, -0.429688
2.665000, -0.390625
2.670000, -0.346680
2.675000, -0.302734
2.680000, -0.253906
2.685000, -0.205078
2.690000, -0.146484
2.695000, -0.097656
2.700000, -0.043945
2.705000, 0.014648
2.710000, 0.073242
2.715000, 0.126953
2.720000, 0.180664
2.725000, 0.234375
2.730000, 0.288086
2.735000, 0.332031
2.740000, 0.375977
2.745000, 0.419922
2.750000, 0.463867
2.755000, 0.493164
2.760000, 0.527344
2.765000, 0.551758
2.770000, 0.566406
2.775000, 0.595703
2.780000, 0.605469
2.785000, 0.620117
2.790000, 0.620117
2.795000, 0.620117
2.800000, 0.620117
2.805000, 0.615234
2.810000, 0.595703
2.815000, 0.571289
2.820000, 0.532227
2.825000, 0.468750
2.830000, 0.405273
2.835000, 0.312500
2.840000, 0.200195
2.845000, 0.073242
2.850000, -0.073242
2.855000, -0.229492
2.860000, -0.395508
2.865000, -0.585938
2.870000, -0.756836
2.875000, -0.937500
2.880000, -1.103516
2.885000, -1.250000
2.890000, -1.381836
2.895000, -1.494141
2.900000, -1.586914
2.905000, -1.660156
2.910000, -1.713867
2.915000, -1.757812
2.920000, -1.767578
2.925000, -1.767578
2.930000, -1.748047
2.935000, -1.708984
2.940000, -1.655273
2.945000, -1.586914
2.950000, -1.503906
2.955000, -1.411133
2.960000, -1.293945
2.965000, -1.186523
2.970000, -1.059570
2.975000, -0.932617
2.980000, -0.791016
2.985000, -0.644531
2.990000, -0.507812
2.995000, -0.361328
3.000000, -0.214844
3.005000, -0.068359
3.010000, 0.068359
3.015000, 0.209961
3.020000, 0.346680
3.025000, 0.473633
3.030000, 0.595703
3.035000, 0.708008
3.040000, 0.815430
3.045000, 0.913086
3.050000, 0.991211
3.055000, 1.074219
3.060000, 1.127930
3.065000, 1.201172
3.070000, 1.235352
3.075000, 1.259766
3.080000, 1.284180
3.085000, 1.298828
3.090000, 1.303711
3.095000, 1.293945
3.100000, 1.274414
3.105000, 1.250000
3.110000, 1.210938
3.115000, 1.166992
3.120000, 1.118164
3.125000, 1.059570
3.130000, 0.996094
3.135000, 0.927734
3.140000, 0.849609
3.145000, 0.776367
3.150000, 0.693359
3.155000, 0.610352
3.160000, 0.527344
3.165000, 0.444336
3.170000, 0.361328
3.175000, 0.278320
3.180000, 0.200195
3.185000, 0.122070
3.190000, 0.048828
3.195000, -0.019531
3.200000, -0.078125
3.205000, -0.141602
3.210000, -0.195312
3.215000, -0.244141
3.220000, -0.283203
3.225000, -0.317383
3.230000, -0.351562
3.235000, -0.375977
3.240000, -0.390625
3.245000, -0.400391
3.250000, -0.410156
3.255000, -0.410156
3.260000, -0.400391
3.265000, -0.395508
3.270000, -0.371094
3.275000, -0.351562
3.280000, -0.317383
3.285000, -0.292969
3.290000, -0.263672
3.295000, -0.219727
3.300000, -0.175781
3.305000, -0.131836
3.310000, -0.087891
3.315000, -0.039062
3.320000, 0.004883
3.325000, 0.048828
3.330000, 0.097656
3.335000, 0.146484
3.340000, 0.195312
3.345000, 0.229492
3.350000, 0.273438
3.355000, 0.312500
3.360000, 0.356445
3.365000, 0.385742
3.370000, 0.419922
3.375000, 0.454102
3.380000, 0.473633
3.385000, 0.498047
3.390000, 0.517578
3.395000, 0.537109
3.400000, 0.541992
3.405000, 0.546875
3.410000, 0.561523
3.415000, 0.546875
3.420000, 0.541992
3.425000, 0.541992
3.430000, 0.527344
3.435000, 0.498047
3.440000, 0.458984
3.445000, 0.400391
3.450000, 0.332031
3.455000, 0.239258
3.460000, 0.136719
3.465000, 0.009766
3.470000, -0.126953
3.475000, -0.278320
3.480000, -0.439453
3.485000, -0.605469
3.490000, -0.756836
3.495000, -0.913086
3.500000, -1.054688
3.505000, -1.186523
3.510000, -1.289062
3.515000, -1.386719
3.520000, -1.459961
3.525000, -1.518555
3.530000, -1.557617
3.535000, -1.582031
3.540000, -1.591797
3.545000, -1.577148
3.550000, -1.552734
3.555000, -1.513672
3.560000, -1.450195
3.565000, -1.386719
3.570000, -1.293945
3.575000, -1.206055
3.580000, -1.103516
3.585000, -0.991211
3.590000, -0.869141
3.595000, -0.751953
3.600000, -0.620117
3.605000, -0.498047
3.610000, -0.356445
3.615000, -0.229492
3.620000, -0.092773
3.625000, 0.034180
3.630000, 0.161133
3.635000, 0.292969
3.640000, 0.405273
3.645000, 0.527344
3.650000, 0.629883
3.655000, 0.727539
3.660000, 0.820312
3.665000, 0.903320
3.670000, 0.971680
3.675000, 1.035156
3.680000, 1.093750
3.685000, 1.127930
3.690000, 1.171875
3.695000, 1.186523
3.700000, 1.206055
3.705000, 1.210938
3.710000, 1.206055
3.715000, 1.191406
3.720000, 1.171875
3.725000, 1.132812
3.730000, 1.093750
3.735000, 1.054688
3.740000, 1.000977
3.745000, 0.937500
3.750000, 0.878906
3.755000, 0.810547
3.760000, 0.742188
3.765000, 0.664062
3.770000, 0.595703
3.775000, 0.522461
3.780000, 0.444336
3.785000, 0.366211
3.790000, 0.297852
3.795000, 0.219727
3.800000, 0.146484
3.805000, 0.073242
3.810000, 0.000000
3.815000, -0.073242
3.820000, -0.141602
3.825000, -0.209961
3.830000, -0.273438
3.835000, -0.327148
3.840000, -0.380859
3.845000, -0.424805
3.850000, -0.458984
3.855000, -0.478516
3.860000, -0.507812
3.865000, -0.517578
3.870000, -0.522461
3.875000, -0.522461
3.880000, -0.512695
3.885000, -0.498047
3.890000, -0.478516
3.895000, -0.449219
3.900000, -0.415039
3.905000, -0.375977
3.910000, -0.332031
3.915000, -0.292969
3.920000, -0.234375
3.925000, -0.190430
3.930000, -0.136719
3.935000, -0.078125
3.940000, -0.019531
3.945000, 0.029297
3.950000, 0.083008
3.955000, 0.141602
3.960000, 0.190430
3.965000, 0.239258
3.970000, 0.297852
3.975000, 0.341797
3.980000, 0.385742
3.985000, 0.429688
3.990000, 0.463867
3.995000, 0.498047
4.000000, 0.527344
4.005000, 0.551758
4.010000, 0.576172
4.015000, 0.590820
4.020000, 0.605469
4.025000, 0.615234
4.030000, 0.620117
4.035000, 0.620117
4.040000, 0.620117
4.045000, 0.605469
4.050000, 0.590820
4.055000, 0.561523
4.060000, 0.517578
4.065000, 0.449219
4.070000, 0.385742
4.075000, 0.278320
4.080000, 0.166016
4.085000, 0.029297
4.090000, -0.122070
4.095000, -0.283203
4.100000, -0.458984
4.105000, -0.629883
4.110000, -0.810547
4.115000, -0.986328
4.120000, -1.147461
4.125000, -1.293945
4.130000, -1.411133
4.135000, -1.528320
4.140000, -1.606445
4.145000, -1.674805
4.150000, -1.723633
4.155000, -1.752930
4.160000, -1.767578
4.165000, -1.762695
4.170000, -1.733398
4.175000, -1.694336
4.180000, -1.635742
4.185000, -1.557617
4.190000, -1.479492
4.195000, -1.376953
4.200000, -1.264648
4.205000, -1.152344
4.210000, -1.020508
4.215000, -0.888672
4.220000, -0.747070
4.225000, -0.610352
4.230000, -0.463867
4.235000, -0.317383
4.240000, -0.175781
4.245000, -0.024414
4.250000, 0.117188
4.255000, 0.249023
4.260000, 0.385742
4.265000, 0.507812
4.270000, 0.625000
4.275000, 0.742188
4.280000, 0.844727
4.285000, 0.937500
4.290000, 1.015625
4.295000, 1.093750
4.300000, 1.147461
4.305000, 1.206055
4.310000, 1.245117
4.315000, 1.274414
4.320000, 1.289062
4.325000, 1.303711
4.330000, 1.298828
4.335000, 1.284180
4.340000, 1.264648
4.345000, 1.245117
4.350000, 1.201172
4.355000, 1.157227
4.360000, 1.103516
4.365000, 1.040039
4.370000, 0.976562
4.375000, 0.908203
4.380000, 0.825195
4.385000, 0.747070
4.390000, 0.664062
4.395000, 0.585938
4.400000, 0.507812
4.405000, 0.419922
4.410000, 0.336914
4.415000, 0.258789
4.420000, 0.180664
4.425000, 0.107422
4.430000, 0.029297
4.435000, -0.034180
4.440000, -0.097656
4.445000, -0.156250
4.450000, -0.209961
4.455000, -0.253906
4.460000, -0.297852
4.465000, -0.332031
4.470000, -0.356445
4.475000, -0.375977
4.480000, -0.395508
4.485000, -0.410156
4.490000, -0.410156
4.495000, -0.405273
4.500000, -0.405273
4.505000, -0.385742
4.510000, -0.366211
4.515000, -0.341797
4.520000, -0.312500
4.525000, -0.283203
4.530000, -0.244141
4.535000, -0.200195
4.540000, -0.161133
4.545000, -0.117188
4.550000, -0.073242
4.555000, -0.024414
4.560000, 0.019531
4.565000, 0.058594
4.570000, 0.112305
4.575000, 0.156250
4.580000, 0.205078
4.585000, 0.249023
4.590000, 0.288086
4.595000, 0.327148
4.600000, 0.366211
4.605000, 0.400391
4.610000, 0.429688
4.615000, 0.458984
4.620000, 0.478516
4.625000, 0.502930
4.630000, 0.522461
4.635000, 0.532227
4.640000, 0.546875
4.645000, 0.546875
4.650000, 0.556641
4.655000, 0.551758
4.660000, 0.546875
4.665000, 0.541992
4.670000, 0.522461
4.675000, 0.488281
4.680000, 0.439453
4.685000, 0.380859
4.690000, 0.302734
4.695000, 0.205078
4.700000, 0.092773
4.705000, -0.034180
4.710000, -0.180664
4.715000, -0.336914
4.720000, -0.493164
4.725000, -0.654297
4.730000, -0.815430
4.735000, -0.966797
4.740000, -1.108398
4.745000, -1.225586
4.750000, -1.328125
4.755000, -1.416016
4.760000, -1.479492
4.765000, -1.542969
4.770000, -1.562500
4.775000, -1.586914
4.780000, -1.586914
4.785000, -1.567383
4.790000, -1.542969
4.795000, -1.494141
4.800000, -1.430664
4.805000, -1.357422
4.810000, -1.264648
4.815000, -1.171875
4.820000, -1.064453
4.825000, -0.952148
4.830000, -0.825195
4.835000, -0.703125
4.840000, -0.581055
4.845000, -0.449219
4.850000, -0.307617
4.855000, -0.180664
4.860000, -0.048828
4.865000, 0.087891
4.870000, 0.209961
4.875000, 0.336914
4.880000, 0.449219
4.885000, 0.561523
4.890000, 0.668945
4.895000, 0.761719
4.900000, 0.849609
4.905000, 0.932617
4.910000, 0.996094
4.915000, 1.054688
4.920000, 1.108398
4.925000, 1.147461
4.930000, 1.176758
4.935000, 1.201172
4.940000, 1.210938
4.945000, 1.210938
4.950000, 1.201172
4.955000, 1.186523
4.960000, 1.162109
4.965000, 1.123047
4.970000, 1.083984
4.975000, 1.035156
4.980000, 0.976562
4.985000, 0.917969
4.990000, 0.859375
4.995000, 0.791016
5.000000, 0.712891
5.005000, 0.644531
5.010000, 0.566406
5.015000, 0.493164
5.020000, 0.415039
5.025000, 0.341797
5.030000, 0.268555
5.035000, 0.195312
5.040000, 0.122070
5.045000, 0.048828
5.050000, -0.019531
5.055000, -0.092773
5.060000, -0.161133
5.065000, -0.229492
5.070000, -0.292969
5.075000, -0.341797
5.080000, -0.390625
5.085000, -0.434570
5.090000, -0.468750
5.095000, -0.488281
5.100000, -0.507812
5.105000, -0.517578
5.110000, -0.517578
5.115000, -0.512695
5.120000, -0.498047
5.125000, -0.488281
5.130000, -0.463867
5.135000, -0.434570
5.140000, -0.395508
5.145000, -0.361328
5.150000, -0.312500
5.155000, -0.268555
5.160000, -0.214844
5.165000, -0.166016
5.170000, -0.112305
5.175000, -0.058594
5.180000, -0.004883
5.185000, 0.048828
5.190000, 0.107422
5.195000, 0.156250
5.200000, 0.214844
5.205000, 0.263672
5.210000, 0.312500
5.215000, 0.356445
5.220000, 0.400391
5.225000, 0.439453
5.230000, 0.473633
5.235000, 0.507812
5.240000, 0.532227
5.245000, 0.556641
5.250000, 0.576172
5.255000, 0.590820
5.260000, 0.610352
5.265000, 0.615234
5.270000, 0.615234
5.275000, 0.615234
5.280000, 0.605469
5.285000, 0.595703
5.290000, 0.576172
5.295000, 0.546875
5.300000, 0.493164
5.305000, 0.424805
5.310000, 0.341797
5.315000, 0.234375
5.320000, 0.107422
5.325000, -0.034180
5.330000, -0.190430
5.335000, -0.361328
5.340000, -0.546875
5.345000, -0.717773
5.350000, -0.888672
5.355000, -1.059570
5.360000, -1.215820
5.365000, -1.347656
5.370000, -1.464844
5.375000, -1.557617
5.380000, -1.635742
5.385000, -1.694336
5.390000, -1.738281
5.395000, -1.762695
5.400000, -1.767578
5.405000, -1.752930
5.410000, -1.718750
5.415000, -1.660156
5.420000, -1.596680
5.425000, -1.518555
5.430000, -1.425781
5.435000, -1.323242
5.440000, -1.210938
5.445000, -1.088867
5.450000, -0.961914
5.455000, -0.820312
5.460000, -0.683594
5.465000, -0.546875
5.470000, -0.400391
5.475000, -0.249023
5.480000, -0.107422
5.485000, 0.039062
5.490000, 0.175781
5.495000, 0.312500
5.500000, 0.444336
5.505000, 0.566406
5.510000, 0.678711
5.515000, 0.786133
5.520000, 0.888672
5.525000, 0.976562
5.530000, 1.049805
5.535000, 1.113281
5.540000, 1.171875
5.545000, 1.225586
5.550000, 1.254883
5.555000, 1.279297
5.560000, 1.293945
5.565000, 1.298828
5.570000, 1.289062
5.575000, 1.274414
5.580000, 1.250000
5.585000, 1.225586
5.590000, 1.181641
5.595000, 1.123047
5.600000, 1.069336
5.605000, 1.010742
5.610000, 0.937500
5.615000, 0.864258
5.620000, 0.786133
5.625000, 0.708008
5.630000, 0.629883
5.635000, 0.546875
5.640000, 0.468750
5.645000, 0.380859
5.650000, 0.302734
5.655000, 0.219727
5.660000, 0.146484
5.665000, 0.063477
5.670000, 0.000000
5.675000, -0.063477
5.680000, -0.122070
5.685000, -0.175781
5.690000, -0.234375
5.695000, -0.273438
5.700000, -0.312500
5.705000, -0.341797
5.710000, -0.366211
5.715000, -0.385742
5.720000, -0.405273
5.725000, -0.410156
5.730000, -0.410156
5.735000, -0.405273
5.740000, -0.385742
5.745000, -0.375977
5.750000, -0.356445
5.755000, -0.332031
5.760000, -0.297852
5.765000, -0.263672
5.770000, -0.224609
5.775000, -0.190430
5.780000, -0.146484
5.785000, -0.097656
5.790000, -0.048828
5.795000, -0.004883
5.800000, 0.039062
5.805000, 0.083008
5.810000, 0.136719
5.815000, 0.175781
5.820000, 0.224609
5.825000, 0.273438
5.830000, 0.307617
5.835000, 0.341797
5.840000, 0.380859
5.845000, 0.415039
5.850000, 0.439453
5.855000, 0.468750
5.860000, 0.493164
5.865000, 0.507812
5.870000, 0.527344
5.875000, 0.537109
5.880000, 0.546875
5.885000, 0.551758
5.890000, 0.546875
5.895000, 0.556641
5.900000, 0.541992
5.905000, 0.522461
5.910000, 0.502930
5.915000, 0.468750
5.920000, 0.410156
5.925000, 0.341797
5.930000, 0.253906
5.935000, 0.151367
5.940000, 0.024414
5.945000, -0.107422
5.950000, -0.258789
5.955000, -0.410156
5.960000, -0.585938
5.965000, -0.737305
5.970000, -0.893555
5.975000, -1.044922
5.980000, -1.171875
5.985000, -1.284180
5.990000, -1.376953
5.995000, -1.459961
6.000000, -1.518555
6.005000, -1.557617
6.010000, -1.586914
6.015000, -1.591797
6.020000, -1.577148
6.025000, -1.562500
6.030000, -1.518555
6.035000, -1.459961
6.040000, -1.396484
6.045000, -1.313477
6.050000, -1.220703
6.055000, -1.123047
6.060000, -1.010742
6.065000, -0.893555
6.070000, -0.766602
6.075000, -0.639648
6.080000, -0.512695
6.085000, -0.380859
6.090000, -0.244141
6.095000, -0.112305
6.100000, 0.019531
6.105000, 0.151367
6.110000, 0.273438
6.115000, 0.390625
6.120000, 0.507812
6.125000, 0.620117
6.130000, 0.717773
6.135000, 0.805664
6.140000, 0.893555
6.145000, 0.966797
6.150000, 1.030273
6.155000, 1.088867
6.160000, 1.132812
6.165000, 1.166992
6.170000, 1.191406
6.175000, 1.206055
6.180000, 1.210938
6.185000, 1.210938
6.190000, 1.196289
6.195000, 1.171875
6.200000, 1.142578
6.205000, 1.103516
6.210000, 1.064453
6.215000, 1.005859
6.220000, 0.947266
6.225000, 0.893555
6.230000, 0.820312
6.235000, 0.751953
6.240000, 0.683594
6.245000, 0.605469
6.250000, 0.527344
6.255000, 0.454102
6.260000, 0.375977
6.265000, 0.307617
6.270000, 0.229492
6.275000, 0.156250
6.280000, 0.083008
6.285000, 0.009766
6.290000, -0.063477
6.295000, -0.126953
6.300000, -0.195312
6.305000, -0.258789
6.310000, -0.312500
6.315000, -0.366211
6.320000, -0.410156
6.325000, -0.444336
6.330000, -0.463867
6.335000, -0.488281
6.340000, -0.512695
6.345000, -0.512695
6.350000, -0.512695
6.355000, -0.507812
6.360000, -0.493164
6.365000, -0.463867
6.370000, -0.439453
6.375000, -0.410156
6.380000, -0.375977
6.385000, -0.332031
6.390000, -0.288086
6.395000, -0.239258
6.400000, -0.190430
6.405000, -0.136719
6.410000, -0.083008
6.415000, -0.029297
6.420000, 0.024414
6.425000, 0.078125
6.430000, 0.131836
6.435000, 0.185547
6.440000, 0.234375
6.445000, 0.292969
6.450000, 0.341797
6.455000, 0.380859
6.460000, 0.419922
6.465000, 0.463867
6.470000, 0.493164
6.475000, 0.517578
6.480000, 0.541992
6.485000, 0.566406
6.490000, 0.581055
6.495000, 0.600586
6.500000, 0.605469
6.505000, 0.615234
6.510000, 0.615234
6.515000, 0.610352
6.520000, 0.600586
6.525000, 0.585938
6.530000, 0.551758
6.535000, 0.507812
6.540000, 0.449219
6.545000, 0.371094
6.550000, 0.273438
6.555000, 0.156250
6.560000, 0.029297
6.565000, -0.122070
6.570000, -0.283203
6.575000, -0.468750
6.580000, -0.639648
6.585000, -0.820312
6.590000, -0.991211
6.595000, -1.152344
6.600000, -1.293945
6.605000, -1.416016
6.610000, -1.523438
6.615000, -1.606445
6.620000, -1.674805
6.625000, -1.718750
6.630000, -1.752930
6.635000, -1.762695
6.640000, -1.752930
6.645000, -1.733398
6.650000, -1.689453
6.655000, -1.630859
6.660000, -1.557617
6.665000, -1.464844
6.670000, -1.367188
6.675000, -1.250000
6.680000, -1.137695
6.685000, -1.010742
6.690000, -0.878906
6.695000, -0.742188
6.700000, -0.600586
6.705000, -0.458984
6.710000, -0.312500
6.715000, -0.166016
6.720000, -0.019531
6.725000, 0.117188
6.730000, 0.258789
6.735000, 0.390625
6.740000, 0.517578
6.745000, 0.634766
6.750000, 0.747070
6.755000, 0.849609
6.760000, 0.937500
6.765000, 1.020508
6.770000, 1.088867
6.775000, 1.162109
6.780000, 1.206055
6.785000, 1.245117
6.790000, 1.269531
6.795000, 1.289062
6.800000, 1.298828
6.805000, 1.298828
6.810000, 1.284180
6.815000, 1.259766
6.820000, 1.240234
6.825000, 1.201172
6.830000, 1.152344
6.835000, 1.093750
6.840000, 1.035156
6.845000, 0.966797
6.850000, 0.898438
6.855000, 0.820312
6.860000, 0.742188
6.865000, 0.659180
6.870000, 0.581055
6.875000, 0.498047
6.880000, 0.410156
6.885000, 0.332031
6.890000, 0.249023
6.895000, 0.175781
6.900000, 0.107422
6.905000, 0.024414
6.910000, -0.039062
6.915000, -0.097656
6.920000, -0.156250
6.925000, -0.214844
6.930000, -0.258789
6.935000, -0.292969
6.940000, -0.332031
6.945000, -0.356445
6.950000, -0.380859
6.955000, -0.385742
6.960000, -0.415039
6.965000, -0.405273
6.970000, -0.405273
6.975000, -0.395508
6.980000, -0.385742
6.985000, -0.361328
6.990000, -0.336914
6.995000, -0.312500
7.000000, -0.273438
7.005000, -0.239258
7.010000, -0.200195
7.015000, -0.156250
7.020000, -0.117188
7.025000, -0.073242
7.030000, -0.024414
7.035000, 0.019531
7.040000, 0.068359
7.045000, 0.117188
7.050000, 0.161133
7.055000, 0.209961
7.060000, 0.249023
7.065000, 0.288086
7.070000, 0.332031
7.075000, 0.361328
7.080000, 0.400391
7.085000, 0.424805
7.090000, 0.463867
7.095000, 0.483398
7.100000, 0.507812
7.105000, 0.522461
7.110000, 0.537109
7.115000, 0.546875
7.120000, 0.551758
7.125000, 0.556641
7.130000, 0.551758
7.135000, 0.546875
7.140000, 0.532227
7.145000, 0.517578
7.150000, 0.483398
7.155000, 0.434570
7.160000, 0.371094
7.165000, 0.292969
7.170000, 0.190430
7.175000, 0.073242
7.180000, -0.058594
7.185000, -0.200195
7.190000, -0.356445
7.195000, -0.517578
7.200000, -0.678711
7.205000, -0.839844
7.210000, -0.981445
7.215000, -1.127930
7.220000, -1.240234
7.225000, -1.347656
7.230000, -1.425781
7.235000, -1.494141
7.240000, -1.542969
7.245000, -1.577148
7.250000, -1.586914
7.255000, -1.586914
7.260000, -1.572266
7.265000, -1.533203
7.270000, -1.484375
7.275000, -1.420898
7.280000, -1.347656
7.285000, -1.254883
7.290000, -1.162109
7.295000, -1.049805
7.300000, -0.937500
7.305000, -0.820312
7.310000, -0.688477
7.315000, -0.566406
7.320000, -0.429688
7.325000, -0.302734
7.330000, -0.161133
7.335000, -0.029297
7.340000, 0.097656
7.345000, 0.229492
7.350000, 0.351562
7.355000, 0.468750
7.360000, 0.581055
7.365000, 0.683594
7.370000, 0.776367
7.375000, 0.859375
7.380000, 0.937500
7.385000, 1.005859
7.390000, 1.064453
7.395000, 1.113281
7.400000, 1.147461
7.405000, 1.181641
7.410000, 1.201172
7.415000, 1.206055
7.420000, 1.210938
7.425000, 1.201172
7.430000, 1.181641
7.435000, 1.162109
7.440000, 1.123047
7.445000, 1.074219
7.450000, 1.025391
7.455000, 0.971680
7.460000, 0.913086
7.465000, 0.849609
7.470000, 0.776367
7.475000, 0.703125
7.480000, 0.634766
7.485000, 0.556641
7.490000, 0.483398
7.495000, 0.405273
7.500000, 0.332031
7.505000, 0.253906
7.510000, 0.185547
7.515000, 0.112305
7.520000, 0.043945
7.525000, -0.039062
7.530000, -0.102539
7.535000, -0.170898
7.540000, -0.239258
7.545000, -0.292969
7.550000, -0.346680
7.555000, -0.390625
7.560000, -0.429688
7.565000, -0.458984
7.570000, -0.478516
7.575000, -0.498047
7.580000, -0.512695
7.585000, -0.507812
7.590000, -0.507812
7.595000, -0.493164
7.600000, -0.478516
7.605000, -0.454102
7.610000, -0.419922
7.615000, -0.385742
7.620000, -0.351562
7.625000, -0.307617
7.630000, -0.253906
7.635000, -0.209961
7.640000, -0.156250
7.645000, -0.102539
7.650000, -0.048828
7.655000, -0.004883
7.660000, 0.063477
7.665000, 0.117188
7.670000, 0.166016
7.675000, 0.219727
7.680000, 0.268555
7.685000, 0.317383
7.690000, 0.361328
7.695000, 0.405273
7.700000, 0.444336
7.705000, 0.478516
7.710000, 0.507812
7.715000, 0.541992
7.720000, 0.556641
7.725000, 0.581055
7.730000, 0.595703
7.735000, 0.605469
7.740000, 0.610352
7.745000, 0.620117
7.750000, 0.610352
7.755000, 0.605469
7.760000, 0.590820
7.765000, 0.566406
7.770000, 0.527344
7.775000, 0.473633
7.780000, 0.400391
7.785000, 0.307617
7.790000, 0.205078
7.795000, 0.073242
7.800000, -0.068359
7.805000, -0.229492
7.810000, -0.400391
7.815000, -0.581055
7.820000, -0.751953
7.825000, -0.932617
7.830000, -1.098633
7.835000, -1.245117
7.840000, -1.372070
7.845000, -1.484375
7.850000, -1.577148
7.855000, -1.655273
7.860000, -1.704102
7.865000, -1.743164
7.870000, -1.757812
7.875000, -1.757812
7.880000, -1.738281
7.885000, -1.704102
7.890000, -1.645508
7.895000, -1.577148
7.900000, -1.499023
7.905000, -1.401367
7.910000, -1.293945
7.915000, -1.181641
7.920000, -1.054688
7.925000, -0.922852
7.930000, -0.786133
7.935000, -0.649414
7.940000, -0.507812
7.945000, -0.356445
7.950000, -0.214844
7.955000, -0.063477
7.960000, 0.073242
7.965000, 0.209961
7.970000, 0.346680
7.975000, 0.473633
7.980000, 0.595703
7.985000, 0.708008
7.990000, 0.810547
7.995000, 0.903320
8.000000, 0.991211
8.005000, 1.069336
8.010000, 1.132812
8.015000, 1.186523
8.020000, 1.230469
8.025000, 1.254883
8.030000, 1.284180
8.035000, 1.293945
8.040000, 1.293945
8.045000, 1.284180
8.050000, 1.274414
8.055000, 1.245117
8.060000, 1.210938
8.065000, 1.166992
8.070000, 1.113281
8.075000, 1.054688
8.080000, 0.991211
8.085000, 0.922852
8.090000, 0.849609
8.095000, 0.766602
8.100000, 0.688477
8.105000, 0.605469
8.110000, 0.527344
8.115000, 0.444336
8.120000, 0.361328
8.125000, 0.278320
8.130000, 0.200195
8.135000, 0.122070
8.140000, 0.058594
8.145000, -0.014648
8.150000, -0.083008
8.155000, -0.136719
8.160000, -0.195312
8.165000, -0.234375
8.170000, -0.283203
8.175000, -0.317383
8.180000, -0.351562
8.185000, -0.375977
8.190000, -0.390625
8.195000, -0.400391
8.200000, -0.405273
8.205000, -0.405273
8.210000, -0.400391
8.215000, -0.390625
8.220000, -0.366211
8.225000, -0.346680
8.230000, -0.317383
8.235000, -0.292969
8.240000, -0.253906
8.245000, -0.219727
8.250000, -0.175781
8.255000, -0.131836
8.260000, -0.087891
8.265000, -0.043945
8.270000, 0.004883
8.275000, 0.053711
8.280000, 0.097656
8.285000, 0.141602
8.290000, 0.190430
8.295000, 0.234375
8.300000, 0.278320
8.305000, 0.317383
8.310000, 0.351562
8.315000, 0.390625
8.320000, 0.424805
8.325000, 0.449219
8.330000, 0.478516
8.335000, 0.498047
8.340000, 0.507812
8.345000, 0.532227
8.350000, 0.546875
8.355000, 0.546875
8.360000, 0.551758
8.365000, 0.551758
8.370000, 0.546875
8.375000, 0.546875
8.380000, 0.527344
8.385000, 0.493164
8.390000, 0.434570
8.395000, 0.390625
8.400000, 0.312500
8.405000, 0.224609
8.410000, 0.112305
8.415000, -0.009766
8.420000, -0.151367
8.425000, -0.307617
8.430000, -0.473633
8.435000, -0.625000
8.440000, -0.791016
8.445000, -0.942383
8.450000, -1.088867
8.455000, -1.210938
8.460000, -1.318359
8.465000, -1.401367
8.470000, -1.479492
8.475000, -1.533203
8.480000, -1.572266
8.485000, -1.591797
8.490000, -1.596680
8.495000, -1.577148
8.500000, -1.552734
8.505000, -1.503906
8.510000, -1.450195
8.515000, -1.372070
8.520000, -1.284180
8.525000, -1.191406
8.530000, -1.088867
8.535000, -0.976562
8.540000, -0.854492
8.545000, -0.732422
8.550000, -0.615234
8.555000, -0.473633
8.560000, -0.341797
8.565000, -0.200195
8.570000, -0.078125
8.575000, 0.058594
8.580000, 0.185547
8.585000, 0.312500
8.590000, 0.429688
8.595000, 0.546875
8.600000, 0.649414
8.605000, 0.747070
8.610000, 0.839844
8.615000, 0.913086
8.620000, 0.986328
8.625000, 1.049805
8.630000, 1.098633
8.635000, 1.147461
8.640000, 1.171875
8.645000, 1.196289
8.650000, 1.206055
8.655000, 1.210938
8.660000, 1.210938
8.665000, 1.191406
8.670000, 1.166992
8.675000, 1.132812
8.680000, 1.088867
8.685000, 1.049805
8.690000, 0.991211
8.695000, 0.937500
8.700000, 0.869141
8.705000, 0.805664
8.710000, 0.732422
8.715000, 0.654297
8.720000, 0.581055
8.725000, 0.507812
8.730000, 0.429688
8.735000, 0.346680
8.740000, 0.278320
8.745000, 0.214844
8.750000, 0.136719
8.755000, 0.063477
8.760000, -0.009766
8.765000, -0.078125
8.770000, -0.151367
8.775000, -0.219727
8.780000, -0.273438
8.785000, -0.327148
8.790000, -0.375977
8.795000, -0.415039
8.800000, -0.454102
8.805000, -0.473633
8.810000, -0.498047
8.815000, -0.507812
8.820000, -0.507812
8.825000, -0.502930
8.830000, -0.498047
8.835000, -0.478516
8.840000, -0.458984
8.845000, -0.429688
8.850000, -0.390625
8.855000, -0.361328
8.860000, -0.317383
8.865000, -0.278320
8.870000, -0.224609
8.875000, -0.175781
8.880000, -0.117188
8.885000, -0.063477
8.890000, -0.019531
8.895000, 0.039062
8.900000, 0.097656
8.905000, 0.151367
8.910000, 0.205078
8.915000, 0.253906
8.920000, 0.302734
8.925000, 0.346680
8.930000, 0.390625
8.935000, 0.429688
8.940000, 0.468750
8.945000, 0.502930
8.950000, 0.527344
8.955000, 0.556641
8.960000, 0.576172
8.965000, 0.585938
8.970000, 0.600586
8.975000, 0.610352
8.980000, 0.610352
8.985000, 0.615234
8.990000, 0.605469
8.995000, 0.595703
9.000000, 0.576172
9.005000, 0.541992
9.010000, 0.493164
9.015000, 0.424805
9.020000, 0.341797
9.025000, 0.239258
9.030000, 0.117188
9.035000, -0.019531
9.040000, -0.175781
9.045000, -0.346680
9.050000, -0.522461
9.055000, -0.698242
9.060000, -0.878906
9.065000, -1.049805
9.070000, -1.206055
9.075000, -1.333008
9.080000, -1.455078
9.085000, -1.552734
9.090000, -1.630859
9.095000, -1.699219
9.100000, -1.733398
9.105000, -1.757812
9.110000, -1.757812
9.115000, -1.748047
9.120000, -1.713867
9.125000, -1.669922
9.130000, -1.606445
9.135000, -1.523438
9.140000, -1.430664
9.145000, -1.328125
9.150000, -1.215820
9.155000, -1.093750
9.160000, -0.966797
9.165000, -0.830078
9.170000, -0.688477
9.175000, -0.551758
9.180000, -0.405273
9.185000, -0.258789
9.190000, -0.117188
9.195000, 0.029297
9.200000, 0.166016
9.205000, 0.307617
9.210000, 0.434570
9.215000, 0.556641
9.220000, 0.673828
9.225000, 0.781250
9.230000, 0.878906
9.235000, 0.971680
9.240000, 1.044922
9.245000, 1.113281
9.250000, 1.171875
9.255000, 1.215820
9.260000, 1.245117
9.265000, 1.274414
9.270000, 1.289062
9.275000, 1.298828
9.280000, 1.289062
9.285000, 1.274414
9.290000, 1.250000
9.295000, 1.225586
9.300000, 1.181641
9.305000, 1.132812
9.310000, 1.074219
9.315000, 1.020508
9.320000, 0.942383
9.325000, 0.869141
9.330000, 0.795898
9.335000, 0.712891
9.340000, 0.629883
9.345000, 0.551758
9.350000, 0.468750
9.355000, 0.385742
9.360000, 0.307617
9.365000, 0.224609
9.370000, 0.146484
9.375000, 0.073242
9.380000, 0.004883
9.385000, -0.058594
9.390000, -0.122070
9.395000, -0.175781
9.400000, -0.224609
9.405000, -0.273438
9.410000, -0.307617
9.415000, -0.332031
9.420000, -0.366211
9.425000, -0.385742
9.430000, -0.395508
9.435000, -0.405273
9.440000, -0.410156
9.445000, -0.405273
9.450000, -0.390625
9.455000, -0.375977
9.460000, -0.356445
9.465000, -0.336914
9.470000, -0.302734
9.475000, -0.268555
9.480000, -0.229492
9.485000, -0.190430
9.490000, -0.146484
9.495000, -0.102539
9.500000, -0.058594
9.505000, -0.004883
9.510000, 0.034180
9.515000, 0.078125
9.520000, 0.136719
9.525000, 0.175781
9.530000, 0.224609
9.535000, 0.268555
9.540000, 0.302734
9.545000, 0.341797
9.550000, 0.385742
9.555000, 0.410156
9.560000, 0.444336
9.565000, 0.468750
9.570000, 0.493164
9.575000, 0.507812
9.580000, 0.527344
9.585000, 0.541992
9.590000, 0.546875
9.595000, 0.551758
9.600000, 0.551758
9.605000, 0.551758
9.610000, 0.546875
9.615000, 0.522461
9.620000, 0.502930
9.625000, 0.468750
9.630000, 0.410156
9.635000, 0.341797
9.640000, 0.253906
9.645000, 0.151367
9.650000, 0.029297
9.655000, -0.112305
9.660000, -0.249023
9.665000, -0.419922
9.670000, -0.581055
9.675000, -0.737305
9.680000, -0.898438
9.685000, -1.044922
9.690000, -1.171875
9.695000, -1.284180
9.700000, -1.376953
9.705000, -1.455078
9.710000, -1.518555
9.715000, -1.557617
9.720000, -1.582031
9.725000, -1.596680
9.730000, -1.586914
9.735000, -1.557617
9.740000, -1.523438
9.745000, -1.469727
9.750000, -1.396484
9.755000, -1.313477
9.760000, -1.225586
9.765000, -1.127930
9.770000, -1.020508
9.775000, -0.898438
9.780000, -0.771484
9.785000, -0.639648
9.790000, -0.517578
9.795000, -0.385742
9.800000, -0.249023
9.805000, -0.112305
9.810000, 0.019531
9.815000, 0.146484
9.820000, 0.273438
9.825000, 0.395508
9.830000, 0.507812
9.835000, 0.625000
9.840000, 0.712891
9.845000, 0.810547
9.850000, 0.893555
9.855000, 0.966797
9.860000, 1.030273
9.865000, 1.083984
9.870000, 1.123047
9.875000, 1.166992
9.880000, 1.191406
9.885000, 1.206055
9.890000, 1.210938
9.895000, 1.206055
9.900000, 1.196289
9.905000, 1.176758
9.910000, 1.142578
9.915000, 1.103516
9.920000, 1.059570
9.925000, 1.010742
9.930000, 0.952148
9.935000, 0.893555
9.940000, 0.825195
9.945000, 0.756836
9.950000, 0.678711
9.955000, 0.605469
9.960000, 0.527344
9.965000, 0.454102
9.970000, 0.380859
9.975000, 0.307617
9.980000, 0.234375
9.985000, 0.156250
9.990000, 0.083008
9.995000, 0.009766
